51213;00:02;2,4,6,9,13,18,19,20,21,24,32,34,40,48,51,55,61,62,63,80
51214;00:07;1,7,11,14,18,26,29,32,36,42,45,46,49,54,55,62,64,68,76,77
51215;00:12;1,5,9,10,12,14,23,24,26,28,31,45,48,49,53,59,60,64,67,80
51216;00:17;7,8,12,13,20,29,30,32,37,45,46,47,51,55,57,59,64,67,68,79
51217;00:22;1,2,4,12,21,22,23,25,28,32,35,40,46,49,53,54,57,65,67,68
51218;00:27;12,14,17,23,27,29,34,39,41,44,48,52,55,56,58,59,65,70,73,75
51219;00:32;2,10,17,29,32,37,38,39,41,47,48,49,50,55,57,58,63,65,67,70
51220;00:37;4,5,8,10,11,19,21,24,25,29,33,38,43,47,49,51,58,60,64,74
51221;00:42;3,8,12,13,16,19,22,23,29,45,48,51,54,55,60,61,65,66,70,80
51222;00:47;1,4,6,8,9,16,24,27,28,33,34,37,42,52,58,59,64,66,71,73
51223;00:52;3,8,17,18,24,26,34,56,57,58,59,60,63,66,69,71,72,75,77,80
51224;00:57;7,8,11,20,21,24,25,30,34,47,50,51,62,66,69,71,75,76,78,80
51225;01:02;1,6,17,23,25,27,35,37,41,42,47,51,55,58,61,64,70,71,75,78
51226;07:02;3,4,10,12,13,15,25,29,30,42,43,45,50,54,60,64,65,69,71,73
51227;07:07;2,7,12,14,16,19,23,25,36,39,46,51,54,55,56,58,59,65,74,79
51228;07:12;13,15,17,21,23,25,27,34,42,43,49,51,54,55,57,64,65,75,76,79
51229;07:17;1,3,6,11,13,18,21,25,26,27,29,31,32,44,61,65,66,69,71,74
51230;07:22;1,14,16,19,25,29,31,34,38,41,42,44,50,55,62,63,65,74,75,76
51231;07:27;7,8,18,20,21,29,31,32,35,37,41,44,45,47,48,53,64,75,76,80
51232;07:32;1,4,11,12,15,18,19,24,31,40,41,52,53,54,55,61,62,64,68,75
51233;07:37;1,3,4,9,11,18,21,26,28,30,33,34,35,47,52,64,68,69,73,80
51234;07:42;1,4,7,9,13,15,16,20,24,26,34,44,57,59,60,64,69,70,74,78
51235;07:47;10,12,13,16,17,18,21,22,24,28,30,32,46,50,52,59,64,70,72,74
51236;07:52;2,9,15,17,19,20,23,29,38,40,41,44,46,47,50,54,57,59,60,72
51237;07:57;1,2,6,9,12,16,24,28,32,38,39,50,51,52,55,59,63,65,69,74
51238;08:02;1,9,11,14,21,23,24,32,38,48,49,50,52,55,60,65,69,72,78,80
51239;08:07;4,5,9,17,25,35,38,39,40,41,45,53,55,57,60,66,67,71,75,79
51240;08:12;3,4,9,26,27,31,38,39,44,45,47,51,56,63,66,68,69,71,73,77
51241;08:17;2,6,9,17,22,25,28,33,34,36,38,40,41,47,52,54,55,66,67,72
51242;08:22;1,2,7,8,10,19,21,28,34,36,47,51,53,63,64,69,71,74,76,79
51243;08:27;6,10,21,22,23,28,29,32,35,36,41,43,51,60,62,65,72,75,77,80
51244;08:32;2,3,4,7,11,13,18,19,23,25,30,52,55,56,61,69,70,72,78,80
51245;08:37;2,7,14,18,20,25,27,28,31,37,39,40,53,55,58,62,69,74,76,80
51246;08:42;7,10,11,18,25,29,32,40,43,48,53,55,60,61,62,70,72,74,78,79
51247;08:47;2,3,7,13,18,21,27,28,30,32,47,48,51,52,55,56,57,63,71,78
51248;08:52;5,8,16,17,25,27,28,37,38,42,45,48,54,59,62,64,67,68,69,71
51249;08:57;15,17,25,28,29,33,34,44,45,47,56,57,60,66,71,72,74,76,77,79
51250;09:02;3,4,8,9,13,18,19,20,26,28,34,36,42,45,49,57,67,69,70,78
51251;09:07;5,6,9,10,15,20,23,24,26,28,37,44,46,48,55,56,64,67,74,80
51252;09:12;3,4,8,14,17,19,24,34,40,41,42,50,54,55,56,59,68,69,76,78
51253;09:17;1,4,7,8,11,13,27,38,41,42,43,45,49,51,52,63,72,73,74,78
51254;09:22;1,8,9,10,13,14,20,26,31,32,33,39,47,50,51,55,58,60,70,73
51255;09:27;12,16,24,28,29,32,35,38,40,48,52,55,57,58,67,73,75,76,78,79
51256;09:32;5,15,20,27,28,36,38,41,45,47,48,49,51,64,66,69,72,73,74,80
51257;09:37;6,13,19,23,26,27,31,38,42,44,45,47,53,57,64,70,71,74,77,79
51258;09:42;10,11,12,14,15,17,23,25,28,31,33,36,37,45,49,59,62,64,69,78
51259;09:47;1,4,6,7,10,12,14,20,28,31,33,43,48,54,57,64,71,76,77,80
51260;09:52;6,7,8,10,14,20,29,32,33,43,45,46,49,57,60,63,76,77,79,80
51261;09:57;10,17,19,25,27,28,33,37,41,42,47,48,55,62,66,69,70,74,75,78
51262;10:02;2,7,8,10,12,13,14,15,18,20,29,34,48,60,64,70,71,72,77,78
51263;10:07;1,7,11,12,14,15,20,28,35,41,48,50,60,61,63,70,72,75,76,79
51264;10:12;2,3,16,21,24,36,38,41,46,47,48,53,55,58,61,63,64,69,72,74
51265;10:17;3,4,5,10,17,18,21,23,32,36,39,48,49,55,63,68,72,75,77,79
51266;10:22;1,7,8,13,22,24,28,32,40,42,46,49,53,56,60,64,73,76,78,80
51267;10:27;2,15,16,19,28,30,35,36,39,41,43,48,51,52,60,61,62,77,78,80
51268;10:32;1,10,11,18,19,21,25,32,38,52,53,56,57,58,62,70,71,73,75,77
51269;10:37;14,21,24,28,30,36,40,42,43,44,45,48,52,55,56,57,62,67,69,72
51270;10:42;7,9,11,12,17,20,23,28,29,30,33,36,38,44,47,61,71,72,76,79
51271;10:47;1,5,8,9,12,16,21,27,37,39,44,45,47,48,53,61,76,77,78,80
51272;10:52;4,7,8,13,16,25,31,41,42,45,47,50,59,64,65,72,73,74,78,80
51273;10:57;9,11,15,18,20,25,26,45,48,51,52,53,57,59,61,65,69,71,76,77
51274;11:02;2,4,8,13,19,26,28,31,35,42,44,52,55,57,60,66,70,75,77,80
51275;11:07;1,5,9,10,12,21,24,28,33,34,37,38,40,41,44,47,50,53,54,75
51276;11:12;4,5,12,16,24,30,33,37,40,42,43,45,52,54,59,63,65,70,78,80
51277;11:17;2,8,10,12,18,21,23,32,33,36,37,39,40,42,47,54,61,62,64,77
51278;11:22;3,13,16,18,21,22,24,25,32,33,34,37,45,50,56,60,64,67,74,77
51279;11:27;7,8,17,20,22,29,33,34,44,46,47,49,55,65,66,72,74,75,78,80
51280;11:32;3,4,7,9,10,12,19,20,21,25,28,36,39,50,55,56,60,61,74,76
51281;11:37;5,7,9,13,15,31,35,40,41,43,46,47,50,54,60,65,67,70,71,75
51282;11:42;10,11,12,14,21,26,29,31,36,40,42,45,47,50,51,52,53,68,75,77
51283;11:47;3,6,8,12,14,18,20,25,27,28,34,46,53,58,60,67,73,74,75,79
51284;11:52;1,2,13,20,22,26,31,36,43,47,53,56,64,65,70,71,75,76,79,80
51285;11:57;3,7,16,19,20,26,34,42,43,45,48,50,52,56,58,60,66,70,75,80
51286;12:02;1,2,9,13,14,16,20,25,37,43,48,51,55,58,60,61,62,63,65,76
51287;12:07;10,16,19,20,21,22,24,25,30,31,37,40,49,52,53,55,57,65,67,75
51288;12:12;6,16,18,20,27,30,34,35,37,39,40,47,53,56,60,63,65,70,75,80
51289;12:17;1,4,6,10,12,13,16,28,31,37,42,46,52,60,63,64,67,70,74,78
51290;12:22;4,10,17,23,25,28,34,40,46,51,53,54,58,60,65,67,70,72,74,75
51291;12:27;12,18,20,25,29,34,37,39,43,44,45,50,56,58,59,60,61,68,73,80
51292;12:32;7,11,14,15,23,29,37,39,47,50,51,53,55,64,66,70,72,73,75,80
51293;12:37;2,17,18,25,28,31,36,43,44,50,55,59,60,63,65,67,71,72,74,79
51294;12:42;5,8,11,13,26,33,37,42,45,53,54,57,60,61,66,69,73,74,78,80
51295;12:47;3,5,7,16,17,21,31,33,35,39,44,49,56,59,60,64,69,70,73,76
51296;12:52;2,11,17,19,34,38,39,42,47,49,52,54,59,62,66,73,74,75,76,77
51297;12:57;3,4,15,21,22,27,32,35,39,42,45,54,59,60,65,69,70,71,77,80
51298;13:02;6,13,14,16,18,19,22,32,34,36,42,46,51,61,64,66,69,74,78,80
51299;13:07;5,12,17,22,29,31,36,37,40,43,45,50,54,55,56,61,69,74,77,80
51300;13:12;8,9,10,12,15,16,17,21,22,30,33,45,52,63,64,67,71,74,75,78
51301;13:17;7,10,11,15,18,20,21,23,24,25,37,42,43,53,54,64,73,76,78,79
51302;13:22;3,8,9,12,15,18,21,29,31,33,39,44,48,52,55,60,62,64,74,77
51303;13:27;2,4,9,13,15,20,24,44,51,54,59,60,61,62,63,72,73,74,76,79
51304;13:32;4,6,17,20,23,30,31,32,36,38,40,41,42,47,48,56,63,65,68,73
51305;13:37;2,5,7,8,12,18,20,21,32,34,37,46,49,51,52,54,55,63,68,77
51306;13:42;2,5,14,16,17,18,22,26,31,35,38,39,45,46,47,49,51,62,66,67
51307;13:47;2,4,5,9,14,16,18,24,25,26,27,33,34,41,51,55,56,61,67,77
51308;13:52;3,4,5,7,11,17,18,25,29,36,39,45,47,60,63,67,71,73,78,80
51309;13:57;12,13,17,19,20,21,24,25,28,41,45,55,56,67,68,73,75,77,79,80
51310;14:02;5,6,8,9,13,14,19,21,23,26,27,31,33,34,52,64,65,66,73,74
51311;14:07;2,5,6,9,12,15,16,20,29,30,34,35,38,46,50,52,57,61,73,75
51312;14:12;1,4,7,11,13,18,23,28,39,46,47,52,55,58,70,72,73,74,77,80
51313;14:17;1,3,5,12,16,23,26,33,36,41,42,48,53,54,58,59,62,73,74,79
51314;14:22;2,8,9,16,22,23,27,28,30,34,36,41,48,49,51,55,59,61,71,72
51315;14:27;8,11,13,17,25,30,31,36,48,49,50,54,55,58,61,64,65,66,69,76
51316;14:32;2,3,6,8,9,13,27,37,44,45,49,52,56,60,71,74,76,77,78,80
51317;14:37;2,3,8,14,16,26,28,31,34,36,51,53,54,55,56,67,69,72,74,77
51318;14:42;10,12,19,22,23,29,32,35,41,44,48,49,57,61,63,69,73,74,76,80
51319;14:47;1,5,6,10,13,19,22,29,30,34,40,41,43,46,57,62,68,71,73,78
51320;14:52;1,2,3,8,12,13,14,18,21,22,38,40,43,47,52,55,57,63,65,68
51321;14:57;2,3,8,12,14,15,17,26,29,37,38,44,49,52,54,55,57,64,65,70
51322;15:02;3,10,12,17,20,21,22,25,40,45,48,50,59,61,62,63,64,67,77,78
51323;15:07;1,2,3,6,7,8,12,18,23,24,29,38,40,41,43,51,62,68,71,78
51324;15:12;2,3,10,12,16,18,19,21,28,30,33,38,42,49,51,53,54,71,72,73
51325;15:17;6,10,16,17,33,34,35,42,45,47,48,51,55,59,60,63,70,72,73,74
51326;15:22;3,7,16,17,22,31,34,35,42,45,49,50,53,55,59,66,70,72,73,78
51327;15:27;4,8,13,18,19,20,23,24,25,26,34,35,43,55,57,58,61,67,71,72
51328;15:32;1,12,16,17,18,24,25,27,32,33,44,46,57,60,70,71,72,75,78,79
51329;15:37;2,5,11,19,23,30,33,35,42,47,48,51,54,59,60,61,62,64,67,74
51330;15:42;4,9,12,16,18,19,24,25,28,36,37,42,44,57,59,61,67,71,73,77
51331;15:47;3,9,11,13,18,22,23,25,33,40,43,47,53,55,56,61,67,69,70,72
51332;15:52;10,23,25,26,27,29,32,33,38,41,44,45,49,55,57,58,60,69,75,77
51333;15:57;2,4,5,6,10,15,17,25,27,34,38,53,55,57,61,62,68,69,73,75
51334;16:02;5,7,14,16,20,25,26,27,30,35,37,41,43,45,55,56,66,71,77,79
51335;16:07;6,7,9,13,14,20,25,27,32,34,40,41,43,47,67,69,75,76,77,78
51336;16:12;4,5,6,18,20,25,36,41,49,51,52,53,54,55,56,58,61,62,65,69
51337;16:17;8,10,11,24,26,32,38,42,44,47,50,54,57,59,66,67,71,75,78,80
51338;16:22;2,3,4,6,8,11,12,15,28,30,42,43,50,51,52,60,61,62,64,79
51339;16:27;7,11,12,16,18,19,24,27,28,34,46,54,55,60,61,64,69,73,74,78
51340;16:32;7,9,10,11,13,17,20,42,45,52,56,60,61,64,65,69,73,74,76,78
51341;16:37;2,5,13,14,15,28,29,34,36,40,41,42,46,52,57,58,59,62,63,73
51342;16:42;4,7,11,12,16,18,21,28,31,34,37,40,42,43,49,55,61,72,73,79
51343;16:47;1,2,4,5,6,15,16,19,20,22,23,38,43,44,45,46,48,54,58,69
51344;16:52;5,18,21,29,35,38,43,45,52,54,55,62,65,66,67,69,71,74,75,80
51345;16:57;1,5,11,15,20,29,35,38,40,42,47,52,64,67,68,70,71,74,76,78
51346;17:02;1,2,4,16,17,26,32,33,35,37,38,42,45,53,55,62,63,64,76,80
51347;17:07;3,8,9,12,21,22,28,30,33,36,39,42,51,56,58,59,62,68,71,79
51348;17:12;1,4,6,9,15,17,21,29,34,36,48,54,55,56,57,62,65,70,72,73
51349;17:17;1,3,6,12,21,23,25,28,30,38,39,42,43,46,50,51,60,70,79,80
51350;17:22;10,14,15,16,18,22,23,28,30,34,36,38,39,44,53,61,75,76,77,78
51351;17:27;1,4,8,19,22,26,27,29,30,35,40,45,48,51,52,53,64,66,77,80
51352;17:32;5,7,10,11,13,17,18,20,27,34,43,44,51,53,57,62,67,70,73,75
51353;17:37;9,18,19,21,22,32,33,35,37,38,48,50,55,60,66,74,75,78,79,80
51354;17:42;1,7,10,12,19,20,25,27,43,47,55,60,61,68,69,73,75,76,79,80
51355;17:47;3,4,10,13,16,23,27,29,33,34,36,37,47,48,57,59,60,61,78,79
51356;17:52;1,3,13,14,15,21,28,33,35,36,43,45,49,50,62,65,66,67,68,75
51357;17:57;4,5,6,7,9,11,15,19,23,26,27,29,30,36,43,58,60,64,76,80
51358;18:02;1,3,10,17,19,24,25,27,28,30,31,46,48,50,56,58,62,65,75,77
51359;18:07;1,8,15,17,22,24,34,39,46,47,53,55,56,59,61,63,67,69,75,78
51360;18:12;3,6,12,15,18,19,22,23,28,39,42,43,48,50,53,55,57,63,69,72
51361;18:17;3,4,6,8,9,10,11,12,16,17,20,29,42,43,47,49,57,60,61,80
51362;18:22;1,3,4,8,16,23,26,30,33,34,39,47,51,52,53,58,65,66,69,80
51363;18:27;3,4,5,7,8,10,13,14,20,29,34,36,41,46,49,58,64,75,76,80
51364;18:32;10,12,15,16,17,20,24,26,30,31,32,35,44,46,48,52,69,70,73,74
51365;18:37;2,3,17,22,23,25,28,33,44,47,51,53,55,58,63,65,71,72,77,79
51366;18:42;3,4,12,17,20,30,36,37,42,48,50,51,53,54,57,58,59,71,78,80
51367;18:47;5,6,17,18,25,31,35,45,46,47,49,52,56,59,60,62,66,68,74,79
51368;18:52;3,9,10,12,13,17,22,34,35,36,41,42,43,48,54,56,61,66,70,71
51369;18:57;8,9,12,13,19,22,23,24,27,38,39,41,49,50,55,59,60,65,69,77
51370;19:02;1,3,7,14,18,19,30,32,47,48,49,50,54,59,60,62,65,67,68,79
51371;19:07;3,4,5,7,21,23,27,33,37,46,48,55,56,57,59,61,63,64,66,74
51372;19:12;1,4,7,16,18,22,25,37,39,42,43,45,55,57,58,67,70,73,74,75
51373;19:17;1,5,6,8,9,11,14,20,24,28,30,42,45,52,70,73,74,75,79,80
51374;19:22;3,5,8,12,24,26,27,30,35,39,57,59,61,68,70,72,73,74,79,80
51375;19:27;2,3,5,24,25,26,31,35,39,40,42,44,46,50,52,53,56,62,69,77
51376;19:32;2,8,15,21,22,23,25,30,37,40,42,47,49,51,53,55,60,61,68,72
51377;19:37;3,4,13,18,23,26,33,35,37,40,56,58,60,63,66,67,69,72,73,75
51378;19:42;1,2,7,8,13,16,19,33,35,37,38,43,47,49,55,57,61,62,64,75
51379;19:47;1,3,4,7,11,20,27,32,41,46,53,54,57,62,70,72,73,75,76,79
51380;19:52;9,19,23,24,25,28,30,32,34,39,42,43,51,65,66,69,72,73,77,79
51381;19:57;2,6,12,14,15,27,31,32,42,48,55,57,59,60,67,72,74,76,79,80
51382;20:02;2,5,8,11,12,18,20,25,35,38,41,43,47,48,50,53,55,56,67,72
51383;20:07;1,3,5,6,7,10,24,26,27,31,34,38,44,46,50,52,55,57,69,78
51384;20:12;1,7,10,11,17,18,25,34,37,38,41,42,45,48,55,58,59,65,75,76
51385;20:17;1,2,4,7,16,18,19,21,23,27,28,30,31,35,40,51,53,57,59,72
51386;20:22;6,19,22,26,27,35,40,42,43,45,48,50,51,52,55,62,63,67,68,78
51387;20:27;1,3,8,12,18,25,27,34,37,40,43,46,50,51,54,57,63,66,72,73
51388;20:32;6,9,10,11,15,19,20,22,26,29,33,40,44,50,53,56,59,69,72,75
51389;20:37;7,14,21,24,27,29,33,40,44,48,49,54,55,59,66,68,72,75,77,80
51390;20:42;3,4,5,13,14,18,19,20,22,23,27,28,32,42,44,47,48,54,64,68
51391;20:47;2,5,6,12,15,18,30,31,35,36,41,48,49,52,53,54,60,64,65,75
51392;20:52;5,14,16,17,19,22,28,30,32,33,36,43,45,49,53,56,70,76,77,78
51393;20:57;3,8,9,10,14,17,18,28,30,32,33,36,40,42,43,50,62,68,77,78
51394;21:02;3,4,12,19,24,32,36,37,41,46,54,58,60,65,68,70,72,76,77,78
51395;21:07;2,4,11,14,15,19,27,30,37,41,43,47,52,55,58,70,75,76,77,78
51396;21:12;6,12,16,17,18,20,24,26,39,40,49,50,52,54,56,57,64,69,72,80
51397;21:17;1,2,17,18,20,22,23,31,33,35,36,37,42,45,49,52,55,63,69,80
51398;21:22;1,4,8,9,10,16,21,23,28,30,32,34,38,47,48,52,53,69,70,72
51399;21:27;2,8,15,18,19,20,26,32,36,49,50,52,53,54,64,65,66,67,73,80
51400;21:32;8,12,14,19,20,26,43,47,50,54,57,59,61,62,63,73,75,78,79,80
51401;21:37;1,2,3,6,9,12,14,21,27,30,38,42,49,52,58,66,70,73,74,75
51402;21:42;5,6,8,9,11,13,16,21,22,32,40,43,53,56,57,59,67,72,75,76
51403;21:47;3,6,15,16,25,26,36,39,40,46,47,48,52,60,66,68,69,72,73,80
51404;21:52;5,6,8,14,18,21,28,30,31,34,40,42,57,58,59,61,66,71,73,76
51405;21:57;1,4,5,7,9,12,13,15,20,25,27,29,31,47,52,56,60,64,74,79
51406;22:02;1,9,14,15,20,22,26,29,31,33,43,44,50,52,64,66,72,74,76,79
51407;22:07;2,3,13,16,21,23,25,27,34,35,41,48,52,63,66,67,70,71,74,80
51408;22:12;1,4,6,9,12,14,25,26,28,31,34,40,43,46,47,48,69,74,78,79
51409;22:17;3,7,16,23,30,33,35,37,38,42,51,55,57,63,64,71,72,74,76,79
51410;22:22;5,7,10,12,17,24,26,28,30,41,42,49,50,51,54,56,68,70,73,77
51411;22:27;5,11,13,19,26,31,34,35,37,39,46,50,60,66,70,72,75,77,79,80
51412;22:32;1,2,4,15,17,25,27,28,34,39,41,43,49,50,56,57,59,61,68,73
51413;22:37;1,2,5,11,16,20,22,29,31,34,35,40,46,49,60,61,68,69,72,78
51414;22:42;13,18,19,20,28,32,33,35,38,41,52,57,62,63,65,66,67,69,71,78
51415;22:47;7,11,12,14,18,23,30,36,43,46,47,50,53,60,66,68,71,73,77,80
51416;22:52;2,9,10,12,26,29,30,32,34,37,39,45,50,52,55,59,60,64,66,69
51417;22:57;1,9,12,15,19,20,22,30,32,37,40,45,48,57,58,59,65,66,68,71
51418;23:02;1,2,4,5,12,16,17,22,25,31,33,37,49,51,55,62,65,71,72,74
51419;23:07;3,5,14,19,21,27,28,32,33,35,51,55,57,58,61,62,63,64,72,76
51420;23:12;2,11,13,14,15,19,22,31,32,36,40,41,42,46,48,50,58,65,68,77
51421;23:17;1,4,13,16,17,18,20,25,26,35,36,38,40,43,47,51,57,61,65,70
51422;23:22;2,4,7,22,27,30,33,34,36,40,45,58,59,63,66,74,75,77,78,80
51423;23:27;2,16,18,26,32,34,39,41,42,45,49,55,60,62,65,67,72,73,77,78
51424;23:32;3,15,18,19,20,22,27,28,29,30,40,47,49,50,55,57,61,63,66,71
51425;23:37;11,12,16,21,23,32,33,34,35,37,39,41,49,50,55,59,67,68,70,78
51426;23:42;6,10,17,19,25,26,28,33,35,37,38,39,46,52,59,63,65,70,74,75
51427;23:47;4,6,11,12,18,20,24,26,27,36,40,48,57,59,61,63,66,69,72,75
51428;23:52;4,8,10,15,22,23,29,30,31,32,34,37,38,48,51,58,62,65,73,77
51429;23:57;1,2,8,10,14,25,30,41,43,46,49,53,54,57,58,61,69,72,78,80
51430;00:02;4,5,6,10,11,13,20,29,31,36,37,43,44,46,55,62,70,71,73,74
51431;00:07;2,4,10,16,23,28,32,36,37,39,48,51,57,58,63,67,69,70,72,73
51432;00:12;1,2,5,8,10,18,25,30,33,40,42,44,51,55,61,64,67,72,74,77
51433;00:17;3,8,9,10,12,13,24,34,40,45,48,49,50,53,59,60,66,75,77,78
51434;00:22;1,7,14,23,27,30,35,41,48,51,52,58,61,64,67,69,72,75,77,79
51435;00:27;9,10,11,13,20,26,30,39,43,53,54,55,57,60,61,65,68,70,72,78
51436;00:32;2,6,7,14,21,23,24,28,34,35,36,37,39,42,48,52,63,65,69,71
51437;00:37;1,4,9,15,24,27,28,38,42,47,48,50,56,58,61,65,66,69,73,78
51438;00:42;7,12,14,15,24,30,33,36,40,41,44,47,50,55,56,57,60,65,70,75
51439;00:47;7,9,15,17,27,29,32,33,36,37,40,44,48,53,59,60,63,64,70,78
51440;00:52;1,2,6,11,14,15,30,31,32,38,39,40,42,48,50,52,55,56,57,75
51441;00:57;3,5,8,9,10,15,16,21,26,30,31,41,42,52,53,56,64,71,76,79
51442;01:02;3,5,19,20,22,23,32,34,39,43,46,57,59,60,61,63,66,70,74,78
51443;07:02;2,5,10,11,13,16,17,19,21,23,27,39,44,45,49,52,54,63,64,76
51444;07:07;9,14,16,17,18,20,21,29,30,32,39,52,53,54,55,67,69,72,76,79
51445;07:12;1,2,4,11,19,27,28,30,39,47,48,49,50,52,54,61,72,74,78,79
51446;07:17;3,4,8,11,16,21,26,27,30,39,47,48,49,56,57,67,74,76,78,80
51447;07:22;15,16,17,18,20,24,25,26,27,30,36,40,41,50,51,53,59,66,71,72
51448;07:27;2,8,10,12,18,25,34,38,46,48,52,55,56,59,62,68,71,74,75,76
51449;07:32;1,9,11,17,21,22,25,26,27,28,33,35,42,44,52,53,55,57,67,68
51450;07:37;12,14,21,31,35,43,45,49,51,52,53,55,57,62,72,73,74,76,77,78
51451;07:42;10,13,19,22,24,26,27,29,31,36,39,41,42,53,54,55,57,65,69,78
51452;07:47;10,11,14,15,19,21,26,27,30,33,34,35,43,45,49,51,67,71,74,75
51453;07:52;2,5,7,9,11,20,24,25,26,28,37,51,53,56,59,67,70,72,78,79
51454;07:57;2,17,27,28,30,31,43,48,49,51,56,58,59,67,71,72,74,75,76,78
51455;08:02;3,5,14,16,17,19,20,25,26,29,36,38,40,41,44,49,52,53,55,60
51456;08:07;14,15,25,33,34,35,38,40,44,47,51,52,53,56,58,62,67,72,74,77
51457;08:12;11,14,17,22,23,27,33,35,39,40,41,43,52,55,57,72,74,76,79,80
51458;08:17;13,15,19,20,21,25,26,27,36,37,38,42,49,50,53,55,65,73,76,80
51459;08:22;4,8,14,15,21,24,26,27,31,33,36,37,47,49,55,56,65,66,76,77
51460;08:27;4,5,13,15,19,23,24,25,29,42,43,45,48,54,59,63,65,69,74,76
51461;08:32;2,6,10,16,18,20,29,32,42,47,48,50,53,57,60,61,65,70,71,72
51462;08:37;2,3,4,10,14,15,18,23,26,27,32,39,40,43,48,56,61,69,70,76
51463;08:42;1,3,6,9,17,19,21,22,24,29,31,33,41,42,48,53,57,62,68,71
51464;08:47;5,9,10,11,13,31,33,35,39,40,43,53,56,58,61,64,66,68,69,76
51465;08:52;8,11,15,20,21,23,31,33,35,45,51,53,58,60,62,64,68,71,74,78
51466;08:57;4,6,11,13,14,17,20,24,28,33,35,44,49,50,61,62,67,70,73,74
51467;09:02;1,3,7,10,14,17,24,26,28,29,31,36,40,46,56,58,63,64,68,78
51468;09:07;2,3,5,10,13,15,16,23,24,28,36,37,38,49,52,60,61,65,66,73
51469;09:12;8,9,16,17,19,23,24,26,29,30,44,60,62,64,68,69,70,72,75,80
51470;09:17;6,9,12,16,17,18,19,20,27,30,33,36,51,57,58,63,65,68,70,80
51471;09:22;1,3,11,16,19,24,32,33,37,46,50,53,55,56,64,66,72,74,75,76
51472;09:27;3,4,5,6,12,13,14,17,21,28,29,38,52,60,61,63,73,74,75,79
51473;09:32;2,8,10,15,16,20,29,32,34,35,37,39,44,45,50,55,56,59,71,79
51474;09:37;6,7,8,9,14,23,27,33,34,37,38,49,50,58,63,65,72,73,75,79
51475;09:42;7,15,16,17,19,25,27,31,39,47,48,54,55,62,63,64,65,75,78,80
51476;09:47;1,2,3,5,9,12,13,16,33,41,43,44,45,47,55,58,64,74,75,76
51477;09:52;4,7,9,11,13,14,21,22,28,29,33,39,41,46,47,56,63,66,69,72
51478;09:57;3,6,14,18,24,25,26,30,37,39,43,44,48,50,53,58,62,65,67,73
51479;10:02;11,12,13,17,22,23,25,27,30,38,39,44,48,54,58,62,68,70,75,78
51480;10:07;2,4,5,7,17,24,29,42,44,46,49,53,55,58,59,60,71,72,74,76
51481;10:12;2,3,6,10,13,14,15,16,21,23,27,34,36,43,46,54,60,62,74,75
51482;10:17;1,11,22,24,25,28,36,38,43,47,55,58,59,61,64,69,70,72,73,76
51483;10:22;8,17,20,21,22,24,33,35,41,44,45,52,53,57,60,62,68,69,76,78
51484;10:27;2,5,10,11,19,22,29,34,39,50,51,54,55,56,61,63,70,73,76,79
51485;10:32;17,25,27,32,38,41,47,48,52,56,58,61,62,64,65,74,75,76,78,79
51486;10:37;11,14,15,17,24,25,30,33,45,47,51,52,55,56,57,64,65,67,74,79
51487;10:42;1,4,5,9,18,24,25,29,30,36,37,44,53,57,61,63,65,68,70,75
51488;10:47;5,6,12,13,21,22,24,28,37,40,42,44,45,49,52,53,56,60,66,74
51489;10:52;1,2,4,8,15,16,20,22,23,25,45,47,52,62,65,67,70,72,76,78
51490;10:57;3,6,19,21,25,28,33,34,36,41,43,45,46,53,57,64,70,75,76,78
51491;11:02;2,4,5,6,7,13,16,19,21,25,34,37,39,44,46,54,56,61,73,80
51492;11:07;4,9,11,16,17,18,21,26,27,31,36,38,49,55,61,64,67,70,73,75
51493;11:12;1,3,4,10,19,22,23,24,33,38,42,45,54,55,57,62,68,73,75,80
51494;11:17;1,5,10,14,15,19,26,30,35,45,46,47,49,50,57,63,65,67,74,78
51495;11:22;1,2,5,13,19,21,25,26,27,30,34,37,54,58,59,65,66,74,75,78
51496;11:27;2,11,16,18,26,27,28,32,36,37,39,43,47,52,53,56,65,67,72,80
51497;11:32;3,5,7,8,11,15,16,18,29,37,45,46,47,52,55,56,59,63,74,79
51498;11:37;2,4,9,11,19,23,34,38,41,45,53,59,66,68,69,70,74,77,79,80
51499;11:42;4,12,17,18,19,20,21,22,29,35,39,42,45,47,49,50,56,57,62,68
51500;11:47;12,15,22,26,27,28,32,35,39,45,48,54,58,67,68,69,70,71,74,79
51501;11:52;4,5,6,7,12,13,23,25,26,32,39,41,42,47,52,58,65,70,78,80
51502;11:57;8,12,18,28,36,38,40,48,52,53,55,58,63,65,67,69,73,77,78,80
51503;12:02;1,5,13,16,20,21,25,27,38,39,41,44,48,51,53,55,56,63,64,71
51504;12:07;19,20,22,23,24,26,27,30,33,36,43,44,46,47,51,61,63,78,79,80
51505;12:12;1,3,6,7,8,18,27,28,30,38,42,50,57,59,62,65,70,75,77,79
51506;12:17;1,2,4,9,11,12,24,29,36,47,50,52,57,62,65,68,75,77,78,80
51507;12:22;6,13,15,18,19,21,26,27,30,33,49,56,57,63,66,67,72,75,76,77
51508;12:27;17,18,19,22,31,33,35,46,49,50,53,61,63,64,65,70,72,75,76,77
51509;12:32;8,10,13,18,28,31,37,39,40,57,59,60,61,62,64,66,67,73,75,77
51510;12:37;3,6,10,13,16,17,18,28,30,31,38,44,59,60,64,66,68,69,72,75
51511;12:42;1,5,7,12,14,22,24,26,27,29,38,39,44,46,52,59,61,67,69,74
51512;12:47;2,4,11,15,24,28,29,32,33,42,49,50,57,59,60,62,64,65,68,79
51513;12:52;11,13,14,17,18,19,25,27,28,30,31,36,41,43,52,53,60,61,69,71
51514;12:57;1,8,10,14,17,22,32,37,38,41,52,57,62,63,70,73,74,77,79,80
51515;13:02;6,7,10,14,15,16,19,32,39,40,42,45,47,54,57,61,64,69,78,80
51516;13:07;2,4,6,7,12,19,23,24,25,26,33,35,37,41,47,51,60,74,75,80
51517;13:12;8,9,11,13,15,24,26,28,31,32,39,41,48,54,57,62,69,70,71,74
51518;13:17;9,12,13,25,31,33,39,40,44,47,52,54,61,65,67,68,70,71,72,74
51519;13:22;4,6,13,18,19,21,24,27,32,36,41,46,50,52,56,58,62,68,78,80
51520;13:27;2,5,14,16,18,20,23,26,28,33,40,49,52,57,62,66,68,71,75,77
51521;13:32;7,12,14,15,17,22,24,28,33,35,39,49,53,57,60,61,71,76,78,79
51522;13:37;2,5,8,12,16,20,21,23,24,25,35,38,41,42,48,49,55,63,64,67
51523;13:42;2,17,19,21,22,23,26,28,33,40,44,45,46,55,56,60,61,63,64,66
51524;13:47;4,5,7,15,20,23,30,31,33,34,36,40,45,48,51,53,62,64,75,76
51525;13:52;11,16,20,21,28,29,34,37,38,39,44,47,51,53,55,58,69,73,78,79
51526;13:57;8,10,12,15,16,27,31,34,35,43,44,47,48,50,52,60,64,68,77,78
51527;14:02;3,15,27,28,30,32,35,38,41,45,47,53,57,61,65,66,67,76,78,80
51528;14:07;1,2,4,8,10,11,16,20,22,23,25,28,39,50,54,59,62,63,66,70
51529;14:12;2,7,10,14,18,23,29,35,36,39,44,46,52,57,60,62,63,65,69,77
51530;14:17;1,4,6,8,12,15,18,20,27,29,30,33,34,37,44,49,50,68,79,80
51531;14:22;1,2,5,11,27,29,30,31,32,36,37,40,43,50,51,71,75,76,77,79
51532;14:27;1,3,4,6,8,10,11,21,23,25,26,32,37,40,42,50,54,65,67,78
51533;14:32;2,4,18,19,23,29,33,40,41,42,43,50,53,54,58,61,71,73,74,75
51534;14:37;1,4,18,24,27,28,31,38,40,43,45,48,50,53,61,62,64,75,77,80
51535;14:42;1,2,5,8,18,19,24,28,31,33,35,36,39,40,53,58,61,68,73,77
51536;14:47;2,8,10,12,16,25,30,31,34,37,40,45,52,53,56,58,63,68,73,79
51537;14:52;2,3,7,8,16,21,27,42,45,46,48,52,60,62,64,65,67,70,72,77
51538;14:57;2,3,4,13,16,20,27,30,32,40,43,45,47,52,54,55,60,72,76,80
51539;15:02;3,4,5,13,14,20,26,30,31,36,44,46,49,51,52,54,61,74,75,80
51540;15:07;3,6,9,14,16,19,23,24,26,27,30,45,48,55,57,59,60,64,66,76
51541;15:12;1,13,15,16,32,33,35,36,42,43,54,59,60,64,71,72,74,75,79,80
51542;15:17;3,5,11,12,22,27,29,36,37,38,45,51,54,60,61,63,67,71,73,74
51543;15:22;7,18,22,28,30,31,33,34,36,38,39,42,47,55,61,67,69,71,74,80
51544;15:27;2,13,14,18,19,20,24,25,31,32,33,36,39,40,42,46,60,69,70,71
51545;15:32;1,4,10,11,12,19,24,25,26,29,34,37,38,50,55,56,61,63,67,74
51546;15:37;5,11,12,13,15,16,23,24,25,26,31,39,44,46,55,59,62,67,75,78
51547;15:42;9,16,17,19,23,25,26,28,33,40,45,47,57,61,66,68,69,72,78,79
51548;15:47;4,5,8,18,20,29,31,32,39,40,44,51,61,64,70,73,74,75,78,80
51549;15:52;3,5,14,21,22,27,30,33,35,39,48,54,59,61,63,64,65,70,78,80
51550;15:57;1,10,11,17,19,20,24,28,31,36,38,41,42,47,55,59,60,69,76,79
51551;16:02;2,5,7,12,14,19,20,26,29,30,35,36,43,59,62,63,68,71,74,77
51552;16:07;3,5,12,16,19,26,30,32,33,35,41,54,55,59,60,62,65,66,70,72
51553;16:12;3,4,5,6,15,23,25,27,28,35,36,39,43,44,53,58,64,65,66,70
51554;16:17;11,15,19,21,23,26,30,34,35,37,38,45,50,57,58,59,66,74,75,80
51555;16:22;4,6,8,10,11,15,16,23,26,27,32,36,42,45,49,50,71,75,77,79
51556;16:27;1,2,5,21,25,26,31,32,34,35,38,43,45,55,62,64,66,71,75,80
51557;16:32;3,8,15,16,20,21,26,30,35,37,38,57,61,63,64,71,75,76,78,80
51558;16:37;3,6,9,24,28,29,36,40,49,58,59,61,63,64,66,72,74,76,77,78
51559;16:42;1,8,11,14,16,21,23,25,29,32,33,34,36,39,45,48,52,53,61,73
51560;16:47;5,7,8,14,18,19,20,28,36,42,44,48,52,54,57,58,61,70,73,76
51561;16:52;2,7,9,10,12,14,18,21,32,35,36,39,44,57,63,65,71,73,74,76
51562;16:57;4,11,12,13,14,25,29,30,35,39,45,50,51,58,59,61,69,71,74,79
51563;17:02;3,15,17,25,27,30,33,34,36,39,43,44,46,50,57,65,74,75,79,80
51564;17:07;3,4,5,11,21,35,36,39,43,44,49,54,56,61,67,68,70,74,75,80
51565;17:12;3,16,21,29,30,39,43,44,47,51,52,56,57,58,61,63,70,73,78,79
51566;17:17;2,4,6,9,13,21,24,42,46,51,52,53,56,57,61,64,66,70,78,80
51567;17:22;4,5,6,7,12,21,22,25,27,28,30,31,32,44,45,51,55,59,61,66
51568;17:27;2,6,17,18,19,20,26,27,36,40,42,45,48,49,55,59,62,72,76,80
51569;17:32;2,11,22,30,37,40,41,44,47,49,51,53,57,58,64,66,72,73,77,79
51570;17:37;3,5,12,15,16,19,20,28,39,41,49,51,54,56,57,60,63,70,72,75
51571;17:42;2,3,10,13,14,15,16,27,43,44,49,52,54,58,61,65,66,67,74,77
51572;17:47;3,4,12,14,16,19,24,29,31,32,35,36,40,46,49,50,61,69,73,77
51573;17:52;1,8,10,14,16,19,32,33,37,45,48,54,55,57,60,65,66,69,74,80
51574;17:57;1,2,3,5,7,8,11,12,23,25,33,47,49,50,51,57,58,65,70,78
51575;18:02;2,5,11,12,15,18,21,24,25,28,30,35,48,50,59,60,65,72,74,75
51576;18:07;1,4,14,15,16,17,31,35,37,41,43,45,52,56,57,64,72,74,76,80
51577;18:12;2,3,8,11,15,27,28,30,32,34,37,39,42,43,45,52,53,57,67,80
51578;18:17;1,4,11,29,31,32,35,37,43,46,50,51,53,59,60,67,70,72,76,80
51579;18:22;3,8,13,14,15,18,22,23,25,29,39,45,47,51,66,68,69,72,73,78
51580;18:27;1,2,3,4,7,8,17,18,19,21,27,31,33,34,41,51,60,63,72,80
51581;18:32;4,6,17,18,23,25,27,33,35,38,41,45,47,50,58,59,67,69,71,73
51582;18:37;2,3,7,8,12,16,18,19,20,24,30,31,35,37,39,44,52,56,62,63
51583;18:42;2,3,5,8,20,22,23,30,31,37,40,42,44,51,52,55,66,69,71,75
51584;18:47;1,4,5,11,19,20,21,22,28,36,38,39,40,41,44,49,55,57,67,69
51585;18:52;7,10,14,18,24,26,28,30,31,40,41,44,45,55,60,62,65,71,73,76
51586;18:57;3,4,8,12,15,16,24,30,34,37,38,41,49,54,56,58,60,72,74,78
51587;19:02;2,8,9,15,17,19,22,27,31,37,41,46,48,49,57,58,63,65,67,73
51588;19:07;6,9,14,16,20,21,22,24,27,31,33,35,38,42,48,52,56,60,63,67
51589;19:12;7,13,17,20,21,27,28,32,43,44,50,55,65,66,68,73,75,76,78,79
51590;19:17;1,2,5,11,15,16,17,22,23,25,26,27,30,35,42,43,56,63,77,78
51591;19:22;3,10,13,15,17,26,29,31,34,38,40,46,50,53,54,55,56,60,66,77
51592;19:27;1,4,5,6,10,11,13,21,24,31,40,52,55,62,68,69,70,72,73,79
51593;19:32;10,12,14,16,19,24,25,31,35,42,43,48,52,58,61,64,69,74,79,80
51594;19:37;2,4,8,9,14,18,29,31,32,36,42,46,48,50,52,58,60,63,78,79
51595;19:42;1,15,17,18,20,23,24,27,31,38,39,41,42,45,51,55,56,62,63,73
51596;19:47;1,8,9,10,11,14,19,23,29,35,36,39,49,53,54,56,64,67,69,72
51597;19:52;1,4,6,13,15,17,20,22,33,41,45,49,51,55,59,61,73,74,75,78
51598;19:57;10,12,15,16,17,23,25,31,36,40,43,46,47,52,54,58,61,63,71,74
51599;20:02;2,6,9,10,17,28,37,42,43,46,48,49,53,55,59,62,66,72,77,79
51600;20:07;2,6,9,12,16,18,22,24,25,29,33,42,44,53,54,58,62,67,73,77
51601;20:12;13,14,16,22,24,27,32,36,38,39,44,45,49,59,60,66,69,75,78,79
51602;20:17;7,13,19,27,28,35,38,41,43,46,47,48,53,57,65,67,68,72,79,80
51603;20:22;8,11,14,15,19,20,25,28,36,39,43,46,47,49,53,61,64,69,70,76
51604;20:27;3,6,9,10,12,13,22,24,29,32,51,55,57,58,59,63,65,66,69,74
51605;20:32;1,3,8,11,12,14,34,37,41,45,46,47,52,60,64,68,70,72,78,79
51606;20:37;2,3,6,7,8,9,16,17,25,26,28,29,33,38,41,46,48,64,69,73
51607;20:42;3,9,15,16,20,21,23,34,37,40,42,51,54,55,60,62,68,76,77,78
51608;20:47;6,7,10,16,20,32,35,37,38,39,40,41,45,47,52,56,68,75,76,79
51609;20:52;8,18,20,24,25,26,32,33,39,40,47,51,57,58,61,63,67,70,71,78
51610;20:57;2,3,5,15,16,18,19,20,23,35,37,38,39,41,52,59,61,68,71,73
51611;21:02;1,4,5,9,13,17,18,19,20,37,40,43,45,47,52,54,59,62,68,70
51612;21:07;1,5,11,12,13,28,30,32,37,38,39,45,50,52,53,55,60,62,66,75
51613;21:12;1,2,3,9,23,29,35,37,38,43,45,50,54,55,64,67,70,73,75,76
51614;21:17;3,9,10,23,24,26,28,29,35,37,39,42,46,54,56,62,63,66,77,79
51615;21:22;3,18,22,24,25,26,27,39,41,53,55,56,60,61,63,68,69,72,75,79
51616;21:27;5,9,11,16,23,26,29,33,37,38,40,50,52,54,55,61,74,75,76,79
51617;21:32;5,13,17,22,24,31,34,36,37,39,40,46,48,52,56,62,63,67,68,76
51618;21:37;2,4,7,17,25,28,34,37,42,52,55,57,58,61,63,66,73,77,78,80
51619;21:42;1,19,21,24,25,27,28,38,51,52,54,56,62,65,69,72,73,74,77,79
51620;21:47;3,4,9,12,15,23,26,38,43,49,50,52,61,63,66,67,68,70,76,80
51621;21:52;11,13,20,28,31,32,37,39,41,45,55,57,60,61,62,64,68,69,70,80
51622;21:57;8,11,15,20,25,33,37,39,45,54,58,59,60,61,67,68,73,77,79,80
51623;22:02;1,5,17,19,20,30,34,48,49,52,55,58,60,61,65,69,74,76,79,80
51624;22:07;4,5,8,12,13,17,24,26,28,30,39,41,50,53,58,61,62,64,69,73
51625;22:12;1,4,7,10,24,27,32,36,37,42,46,51,60,62,65,69,71,72,76,77
51626;22:17;3,7,9,14,27,28,30,36,39,41,52,56,60,71,72,73,74,75,77,79
51627;22:22;7,10,12,15,17,20,21,23,29,30,37,39,45,48,53,61,64,65,76,78
51628;22:27;7,10,23,24,28,29,31,35,37,39,43,44,47,48,51,52,57,72,74,76
51629;22:32;1,4,10,16,20,24,25,27,28,30,38,39,44,47,48,61,62,64,67,68
51630;22:37;3,5,10,14,22,24,28,39,40,41,47,48,50,57,61,63,71,73,79,80
51631;22:42;5,9,11,13,22,23,27,38,39,40,48,49,58,60,63,64,65,68,76,77
51632;22:47;4,9,13,14,17,18,28,35,38,41,43,46,49,61,65,67,70,71,74,75
51633;22:52;5,21,23,26,27,28,33,35,41,42,49,50,52,54,57,68,69,71,76,77
51634;22:57;2,6,7,8,12,17,18,21,26,30,36,42,48,51,54,55,56,65,79,80
51635;23:02;11,19,26,27,28,36,38,43,49,51,52,53,59,60,62,64,69,71,74,79
51636;23:07;1,2,10,14,16,17,18,21,31,33,41,46,56,62,65,66,67,69,73,75
51637;23:12;1,2,3,5,6,10,12,13,26,31,35,40,50,52,66,70,73,75,77,80
51638;23:17;1,5,15,21,23,24,27,33,34,41,47,49,52,54,60,61,62,67,68,70
51639;23:22;1,5,16,19,26,34,35,42,43,54,58,60,61,62,63,65,72,76,78,79
51640;23:27;6,9,10,13,28,34,35,38,41,44,46,49,54,60,62,69,71,73,78,79
51641;23:32;6,10,13,15,16,22,23,26,33,34,38,45,46,51,56,64,68,69,72,78
51642;23:37;5,8,11,14,21,22,23,25,30,35,39,45,46,51,52,57,58,60,65,73
51643;23:42;8,11,14,15,16,23,26,30,33,35,37,38,39,40,52,55,57,58,69,77
51644;23:47;2,4,7,8,12,16,18,20,26,28,30,32,34,47,56,62,63,67,68,76
51645;23:52;2,4,6,14,17,23,26,31,32,33,36,40,42,47,52,53,66,68,73,75
51646;23:57;3,10,11,13,18,20,21,22,25,36,43,44,45,56,62,65,70,71,72,74
51647;00:02;1,10,12,16,18,21,26,28,34,35,36,42,46,50,56,59,68,69,73,76
51648;00:07;1,11,16,17,21,22,23,25,27,32,37,46,50,54,55,60,65,66,67,80
51649;00:12;2,7,9,12,14,16,24,32,35,40,47,48,49,55,64,65,68,73,74,79
51650;00:17;4,11,12,20,21,27,36,37,46,49,50,52,56,60,66,68,69,70,78,80
51651;00:22;1,4,7,11,16,23,27,30,33,36,39,49,56,58,65,71,72,74,79,80
51652;00:27;8,9,12,13,21,22,24,25,34,35,43,47,51,58,65,67,69,71,77,78
51653;00:32;3,7,8,11,15,16,18,23,29,35,36,42,48,52,53,57,61,70,75,76
51654;00:37;4,6,9,17,21,23,25,31,40,41,47,50,53,55,56,57,59,61,64,79
51655;00:42;6,12,13,15,16,23,28,36,37,41,46,47,49,54,57,58,61,64,65,77
51656;00:47;3,8,10,22,23,24,27,29,30,32,34,36,41,43,46,54,60,61,68,79
51657;00:52;2,6,13,15,22,28,29,32,35,41,44,46,49,52,56,60,73,75,76,77
51658;00:57;5,8,10,14,15,17,21,25,29,33,34,47,48,57,61,67,70,71,72,73
51659;01:02;7,14,19,21,22,23,24,28,34,35,47,52,54,60,61,71,74,76,78,79
51660;07:02;8,10,15,21,24,33,34,48,52,58,64,66,67,71,73,74,76,77,78,80
51661;07:07;13,16,19,27,36,37,40,43,45,48,51,52,53,55,58,60,68,74,78,79
51662;07:12;7,10,16,19,21,23,25,27,28,30,39,40,43,50,54,60,67,71,76,80
51663;07:17;9,18,21,24,36,39,40,44,46,48,56,57,59,65,68,71,73,74,75,77
51664;07:22;2,10,11,17,26,29,35,37,39,49,51,53,59,62,64,66,69,73,77,80
51665;07:27;5,11,12,13,16,18,27,30,33,44,51,53,56,59,66,67,68,69,70,73
51666;07:32;4,8,11,13,15,22,35,43,44,49,56,60,61,68,69,71,73,76,77,80
51667;07:37;10,11,12,18,19,33,37,41,43,47,51,52,58,59,61,64,75,77,78,80
51668;07:42;4,14,19,21,23,27,28,30,31,37,40,41,48,49,52,53,59,70,71,80
51669;07:47;3,4,5,6,23,25,26,30,32,42,49,51,52,53,54,55,64,65,78,79
51670;07:52;2,9,12,18,21,23,32,38,40,43,44,50,52,58,66,67,68,70,76,78
51671;07:57;1,10,11,14,22,23,24,26,28,30,31,42,43,50,53,56,58,61,74,78
51672;08:02;4,5,6,9,13,28,34,36,37,48,51,53,55,57,58,64,66,73,74,76
51673;08:07;7,22,28,37,39,40,43,44,45,46,49,52,53,54,56,64,67,70,71,76
51674;08:12;1,4,12,13,24,28,31,35,48,49,53,56,58,60,65,67,68,70,76,77
51675;08:17;1,4,6,10,13,18,21,26,27,28,29,31,33,34,37,47,48,66,71,73
51676;08:22;4,8,11,12,13,14,17,23,24,25,33,38,40,46,54,60,66,71,73,76
51677;08:27;2,3,5,7,13,14,34,36,48,52,55,59,61,62,63,66,68,75,76,77
51678;08:32;3,8,9,10,27,38,39,40,42,43,48,50,51,58,63,66,68,70,76,78
51679;08:37;3,4,9,15,18,20,24,41,42,44,46,47,48,56,57,61,63,64,67,69
51680;08:42;4,6,11,16,18,19,20,27,29,34,39,46,55,56,59,60,65,70,75,78
51681;08:47;5,7,10,15,17,20,31,32,36,43,46,50,52,58,62,63,64,70,79,80
51682;08:52;10,14,15,19,21,25,27,30,32,39,40,47,49,52,54,62,73,75,76,80
51683;08:57;3,4,6,11,14,17,24,32,34,36,37,41,46,48,49,57,59,76,78,79
51684;09:02;2,15,16,17,19,21,25,27,36,44,46,50,53,56,60,61,67,68,72,74
51685;09:07;1,3,6,10,22,26,28,29,34,39,40,42,49,50,63,66,71,74,76,79
51686;09:12;2,8,11,15,16,17,19,21,22,27,28,30,34,44,55,61,65,67,68,72
51687;09:17;5,10,28,31,34,35,42,44,47,48,49,54,55,61,65,71,72,74,75,76
51688;09:22;5,7,8,14,16,19,22,36,38,42,44,48,52,54,55,58,62,67,70,71
51689;09:27;2,6,9,10,17,23,25,26,31,32,37,43,48,50,51,56,59,69,70,74
51690;09:32;4,9,10,11,15,20,21,23,29,36,41,49,51,59,63,66,69,70,77,80
51691;09:37;4,7,8,12,23,28,29,31,36,37,48,50,53,54,55,56,57,64,79,80
51692;09:42;5,6,12,18,20,31,40,41,46,52,55,56,59,63,65,66,67,71,73,77
51693;09:47;3,7,8,9,11,15,25,28,35,38,48,50,56,57,59,60,62,70,74,79
51694;09:52;11,14,23,28,30,32,35,38,42,43,47,51,54,56,62,66,71,74,76,78
51695;09:57;2,4,6,10,14,19,23,24,31,38,42,46,54,56,62,65,67,68,72,79
51696;10:02;1,6,7,14,21,30,35,39,40,43,44,49,60,65,67,69,72,73,77,78
51697;10:07;11,15,16,17,18,19,28,34,48,49,50,53,57,58,62,64,67,69,70,76
51698;10:12;1,6,12,14,15,17,21,22,27,31,44,45,47,51,60,61,64,69,72,80
51699;10:17;7,10,13,20,26,27,31,34,37,42,43,49,57,59,60,70,74,75,76,79
51700;10:22;15,19,21,23,24,26,27,41,45,46,47,48,52,53,56,58,60,62,77,78
51701;10:27;7,9,15,17,28,31,32,33,34,36,40,53,55,58,61,62,70,74,76,80
51702;10:32;7,8,16,18,19,21,22,28,42,47,53,57,61,62,65,67,72,74,77,80
51703;10:37;2,4,6,9,12,26,28,29,35,38,48,49,53,54,63,64,66,67,70,76
51704;10:42;1,11,22,29,32,33,37,39,43,46,48,49,53,54,60,68,69,74,75,78
51705;10:47;1,5,11,16,19,23,25,27,37,40,43,56,60,64,69,70,71,72,75,76
51706;10:52;5,6,11,15,21,22,23,25,40,42,53,54,57,60,66,67,72,74,77,80
51707;10:57;1,2,15,24,30,34,38,42,43,46,47,52,59,60,62,69,72,74,75,79
51708;11:02;2,4,6,8,9,10,17,19,27,29,31,34,39,53,55,60,65,68,77,80
51709;11:07;1,2,4,5,14,16,19,20,22,23,25,26,29,35,38,45,56,62,63,64
51710;11:12;2,8,9,11,12,14,19,20,25,29,35,42,45,49,56,58,60,65,67,77
51711;11:17;2,3,4,5,21,28,29,33,34,40,41,42,45,47,49,56,58,60,61,79
51712;11:22;3,5,6,7,11,24,28,29,31,36,43,45,50,53,58,63,69,70,73,77
51713;11:27;6,8,9,12,13,20,24,26,28,31,32,33,36,37,39,42,47,55,58,65
51714;11:32;2,5,6,7,10,14,16,19,21,31,36,45,50,52,55,56,62,64,71,74
51715;11:37;2,3,4,6,7,13,17,18,25,31,32,40,44,46,49,51,52,58,60,72
51716;11:42;2,7,8,14,20,22,23,36,40,42,47,52,55,58,60,66,73,74,75,78
51717;11:47;1,2,6,8,11,13,30,31,37,38,46,50,51,53,55,60,66,68,73,76
51718;11:52;11,16,22,25,28,31,38,39,40,42,45,60,61,64,65,66,68,75,76,80
51719;11:57;2,4,5,8,14,15,26,31,32,33,39,42,46,62,63,65,66,71,76,80
51720;12:02;5,9,10,13,18,20,24,25,27,28,32,35,46,47,48,58,59,64,67,75
51721;12:07;1,5,16,28,31,33,34,36,51,55,56,57,58,60,61,73,74,75,77,80
51722;12:12;3,4,5,15,16,19,20,21,24,34,41,42,43,45,46,52,53,56,75,76
51723;12:17;5,6,9,15,17,23,24,35,36,39,43,48,51,52,54,57,63,65,68,73
51724;12:22;4,8,11,13,16,18,19,20,26,36,41,42,49,50,58,66,73,74,78,79
51725;12:27;3,12,18,19,27,29,36,38,48,52,53,56,63,65,66,70,72,73,76,77
51726;12:32;8,10,11,18,19,26,27,39,40,41,48,51,55,60,68,70,72,73,74,79
51727;12:37;1,2,3,5,7,8,13,16,18,32,36,41,45,52,55,58,65,68,72,78
51728;12:42;6,7,13,26,29,35,39,40,42,44,45,48,49,50,55,58,61,69,72,77
51729;12:47;2,4,6,12,23,24,26,28,30,39,42,46,47,49,50,55,57,59,75,80
51730;12:52;2,6,7,8,12,14,16,18,19,26,33,34,39,46,58,62,66,67,75,77
51731;12:57;3,4,17,26,33,36,42,44,47,49,50,52,55,56,60,65,70,71,77,80
51732;13:02;6,8,9,11,13,16,21,25,31,32,49,51,57,58,59,68,72,73,79,80
51733;13:07;5,7,8,13,14,16,19,27,32,39,40,42,58,61,66,71,72,73,76,79
51734;13:12;4,6,7,11,13,15,23,28,32,33,39,46,49,57,64,65,68,70,73,79
51735;13:17;8,9,10,12,13,15,19,24,25,31,32,38,40,49,57,64,66,67,72,76
51736;13:22;1,13,16,18,20,21,22,23,28,32,38,48,50,58,59,64,65,69,79,80
51737;13:27;1,5,12,14,18,19,27,29,35,37,41,51,52,53,55,60,61,63,67,79
51738;13:32;12,15,16,18,22,24,25,26,28,36,37,43,49,52,57,62,64,68,79,80
51739;13:37;1,3,7,13,24,31,33,35,37,43,44,45,47,50,53,56,64,70,71,77
51740;13:42;3,10,14,15,18,21,23,31,38,40,49,58,62,63,68,72,73,74,75,76
51741;13:47;4,5,6,13,18,21,25,27,31,36,38,39,41,43,62,63,70,73,74,79
51742;13:52;3,4,5,9,21,27,30,31,38,46,50,57,58,61,63,70,72,75,78,79
51743;13:57;2,6,8,11,15,17,21,23,25,28,36,39,42,45,47,48,51,55,65,66
51744;14:02;3,10,11,13,14,24,25,28,30,34,43,46,51,52,71,72,74,75,78,79
51745;14:07;2,6,11,19,20,25,26,28,29,34,37,47,55,58,62,63,65,70,72,77
51746;14:12;6,10,12,20,28,31,32,34,35,37,40,41,44,48,50,55,61,62,65,74
51747;14:17;4,5,6,9,10,14,18,20,24,27,38,40,50,53,59,62,64,70,74,77
51748;14:22;4,8,20,23,27,30,37,38,40,44,50,56,57,64,65,66,69,72,73,78
51749;14:27;4,5,9,12,14,15,21,31,38,44,45,47,53,65,68,70,72,73,76,77
51750;14:32;6,9,15,20,21,22,37,38,44,49,52,53,59,61,62,69,73,75,76,77
51751;14:37;2,4,14,18,25,26,27,29,34,44,48,49,50,55,58,68,69,74,76,79
51752;14:42;1,8,14,16,18,21,22,24,27,46,47,52,54,55,56,62,65,72,74,79
51753;14:47;1,6,9,13,14,27,29,30,42,43,46,52,53,54,56,57,62,66,72,80
51754;14:52;1,2,5,7,8,10,12,13,16,24,27,28,35,37,48,52,64,72,73,79
51755;14:57;1,4,5,7,8,9,12,22,30,31,33,42,43,44,45,66,69,73,77,78
51756;15:02;8,9,14,15,18,26,27,30,33,36,40,42,46,52,54,56,58,59,74,77
51757;15:07;1,4,6,10,12,22,24,30,31,36,41,43,59,63,68,69,73,75,78,80
51758;15:12;7,12,15,23,29,31,32,33,40,44,45,53,61,62,67,70,71,73,74,76
51759;15:17;7,8,14,15,22,24,26,27,33,35,39,44,50,51,54,60,66,73,75,78
51760;15:22;6,11,12,13,14,19,25,26,27,34,46,48,51,53,57,61,66,71,73,78
51761;15:27;6,8,10,11,14,20,28,30,31,48,52,59,65,66,67,69,73,74,75,80
51762;15:32;1,4,15,25,26,30,33,35,38,45,50,53,57,59,62,63,64,71,73,75
51763;15:37;5,7,8,12,14,16,17,20,28,33,36,37,40,54,59,66,67,70,72,75
51764;15:42;1,4,6,9,17,23,26,28,34,35,43,50,51,54,55,57,64,67,72,73
51765;15:47;2,6,21,22,25,27,28,32,34,37,44,45,57,58,59,64,65,69,75,79
51766;15:52;1,3,6,10,11,15,17,21,26,32,35,38,39,41,43,45,54,62,73,74
51767;15:57;14,15,16,17,21,22,24,33,35,37,38,41,44,47,50,53,58,62,71,79
51768;16:02;2,5,7,18,24,26,34,41,45,56,57,58,61,62,63,65,66,68,76,80
51769;16:07;2,3,10,11,15,16,19,31,32,35,37,38,39,42,55,57,59,64,67,70
51770;16:12;1,3,6,8,12,15,16,19,25,28,29,35,36,37,43,49,53,70,74,77
51771;16:17;8,12,17,20,22,24,25,30,37,39,43,45,46,47,50,53,57,60,65,77
51772;16:22;11,14,18,19,22,24,27,29,31,35,38,40,42,46,49,60,61,64,73,77
51773;16:27;14,15,21,22,34,36,41,45,48,55,56,57,61,63,67,69,74,75,76,78
51774;16:32;4,6,7,8,11,14,15,17,21,23,27,35,40,44,47,49,50,61,74,77
51775;16:37;3,5,8,9,12,14,17,27,32,38,43,46,53,58,65,67,68,69,71,80
51776;16:42;1,3,4,5,7,10,16,27,29,32,34,37,38,45,50,51,61,67,69,71
51777;16:47;14,15,16,24,26,27,29,33,40,41,42,43,44,45,46,50,70,76,78,80
51778;16:52;1,10,11,12,16,23,28,31,37,42,46,47,49,51,53,60,62,67,68,73
51779;16:57;5,7,11,21,22,25,33,36,37,40,49,53,54,56,58,61,63,72,77,79
51780;17:02;3,7,10,21,22,28,40,41,47,49,50,55,58,60,64,70,75,78,79,80
51781;17:07;2,4,10,11,13,14,15,18,20,22,33,39,40,42,54,57,63,72,75,77
51782;17:12;5,6,7,11,12,18,20,29,34,35,36,42,43,44,50,55,63,66,71,77
51783;17:17;12,14,15,18,28,29,30,31,33,34,40,41,48,49,61,63,67,69,74,79
51784;17:22;7,11,12,14,15,17,23,25,27,35,39,44,53,57,61,63,71,75,77,80
51785;17:27;2,4,7,11,15,22,26,30,32,36,37,42,50,51,52,57,65,69,77,79
51786;17:32;3,5,6,8,10,12,13,21,22,31,32,43,44,53,54,55,66,67,68,80
51787;17:37;1,3,5,9,10,13,23,30,42,50,53,56,58,62,66,68,69,72,73,76
51788;17:42;10,17,18,21,25,26,30,31,39,40,41,42,43,46,48,57,62,65,71,79
51789;17:47;2,5,14,22,28,33,35,39,40,44,47,49,51,54,55,59,67,72,74,78
51790;17:52;6,8,14,24,27,29,30,31,35,36,40,45,52,54,57,60,65,73,76,79
51791;17:57;3,4,7,9,13,14,27,28,30,31,32,41,46,54,59,61,68,69,77,79
51792;18:02;5,7,9,12,23,26,31,32,37,45,47,48,52,58,62,67,74,75,78,80
51793;18:07;2,3,4,5,14,17,18,23,25,26,27,42,49,56,59,62,67,70,74,76
51794;18:12;3,6,17,21,24,28,35,36,40,43,50,51,52,56,68,70,71,72,73,76
51795;18:17;1,4,5,12,16,23,24,27,32,39,41,46,49,62,64,68,69,74,77,78
51796;18:22;4,6,9,11,13,25,32,35,36,40,41,46,49,50,52,59,68,74,76,77
51797;18:27;4,6,8,14,21,29,31,32,34,35,36,37,38,45,47,48,51,62,65,76
51798;18:32;14,16,17,18,19,27,28,31,41,42,52,58,63,64,65,69,71,72,73,76
51799;18:37;4,13,17,22,28,32,33,34,36,37,38,44,50,52,53,55,59,60,64,76
51800;18:42;2,3,7,8,10,11,16,18,30,34,39,42,45,52,56,62,63,72,75,76
51801;18:47;2,4,5,18,23,24,30,32,33,34,38,40,44,56,57,58,61,69,70,77
51802;18:52;1,6,8,12,13,22,23,24,27,30,39,48,52,54,56,61,72,74,76,77
51803;18:57;5,9,10,11,13,16,18,25,31,33,36,45,48,50,54,56,57,72,74,76
51804;19:02;5,6,8,22,28,32,39,41,42,51,53,56,57,59,68,70,73,76,79,80
51805;19:07;5,7,12,15,22,24,26,31,35,37,40,44,45,55,57,59,65,73,77,79
51806;19:12;6,7,12,20,27,28,38,41,49,53,55,57,58,61,65,66,68,71,75,79
51807;19:17;2,11,13,29,33,34,42,45,48,50,56,57,59,60,62,66,70,75,76,80
51808;19:22;4,5,14,16,17,19,20,22,25,32,34,42,47,55,61,70,71,72,75,79
51809;19:27;1,2,6,8,17,23,29,34,36,38,42,45,47,50,51,58,59,66,67,72
51810;19:32;12,14,15,19,26,27,29,31,35,40,41,43,46,48,50,51,61,64,75,80
51811;19:37;3,7,10,11,12,14,15,20,31,33,38,53,56,58,62,64,68,72,73,78
51812;19:42;3,4,8,11,12,26,28,34,40,49,53,55,60,62,64,66,69,73,74,78
51813;19:47;11,14,15,16,20,23,25,28,29,38,39,49,55,59,61,70,71,72,75,79
51814;19:52;7,10,14,16,28,29,36,40,41,45,47,49,52,53,60,64,66,74,76,79
51815;19:57;2,3,6,8,10,13,20,22,23,25,30,36,40,54,61,62,63,66,71,76
51816;20:02;4,6,11,15,24,31,33,36,38,41,42,43,46,50,51,53,55,57,68,71
51817;20:07;4,6,10,14,18,20,27,29,33,34,40,42,56,57,59,63,66,67,72,74
51818;20:12;5,12,16,18,19,29,35,40,41,42,49,50,57,59,61,62,70,76,78,80
51819;20:17;4,5,11,12,18,20,25,26,28,29,43,45,46,50,54,63,64,67,68,72
51820;20:22;1,3,4,5,10,12,16,24,27,28,34,42,49,54,55,56,59,69,72,76
51821;20:27;9,16,23,24,26,29,33,40,47,48,51,55,56,59,60,61,62,67,73,75
51822;20:32;1,2,4,5,11,18,24,29,34,37,49,51,57,60,64,70,72,73,74,77
51823;20:37;2,11,14,15,17,30,37,41,43,48,54,55,56,57,58,62,64,67,71,74
51824;20:42;6,7,13,14,19,26,33,34,38,45,46,50,54,67,68,69,72,76,78,80
51825;20:47;1,4,6,9,10,12,14,20,25,26,27,34,35,43,49,55,62,63,68,73
51826;20:52;14,15,16,18,23,39,40,42,43,44,49,51,56,58,59,69,73,74,76,77
51827;20:57;2,4,6,7,10,13,15,17,19,26,27,30,31,40,45,51,54,57,58,74
51828;21:02;3,17,18,26,30,35,37,42,43,46,49,52,54,59,60,61,67,69,71,73
51829;21:07;4,5,7,10,19,30,31,33,35,43,47,49,52,53,59,61,64,68,72,78
51830;21:12;5,8,9,10,12,16,17,30,35,40,42,44,46,56,68,69,71,72,73,74
51831;21:17;1,2,3,11,12,26,29,33,39,43,47,50,52,55,62,63,66,73,79,80
51832;21:22;3,4,9,14,15,20,21,24,25,32,34,45,56,59,60,63,66,68,77,78
51833;21:27;5,6,13,14,23,24,25,30,32,33,38,44,46,49,58,59,66,69,72,74
51834;21:32;2,5,6,11,13,20,35,37,38,39,43,45,62,63,64,65,75,76,77,78
51835;21:37;2,5,14,15,19,20,21,23,25,28,34,39,40,50,52,65,69,71,74,78
51836;21:42;3,4,10,11,15,20,28,34,44,45,47,52,58,60,65,67,68,70,76,77
51837;21:47;4,5,25,28,33,37,40,41,45,47,48,51,53,57,58,64,68,72,74,75
51838;21:52;4,14,18,20,21,25,26,34,38,39,41,46,47,50,53,61,63,74,78,80
51839;21:57;12,18,19,21,29,36,40,42,47,48,49,50,51,57,59,60,64,68,77,80
51840;22:02;2,4,5,17,19,22,26,29,32,39,42,43,52,55,62,66,70,73,76,79
51841;22:07;1,3,8,11,13,17,21,22,23,34,35,36,37,41,43,66,68,72,77,79
51842;22:12;5,6,7,8,14,17,23,27,30,31,44,50,54,57,67,72,73,75,77,80
51843;22:17;1,2,3,6,10,12,15,18,20,22,23,27,33,48,54,55,63,64,66,68
51844;22:22;7,9,14,15,16,19,21,23,28,34,38,46,47,52,53,68,72,73,76,78
51845;22:27;3,5,6,8,9,12,14,15,19,20,21,33,36,46,50,52,53,63,67,80
51846;22:32;5,6,9,10,12,14,33,35,36,38,39,44,46,47,49,50,54,57,71,79
51847;22:37;11,12,16,17,22,23,24,25,31,41,50,53,56,57,61,62,63,70,76,79
51848;22:42;5,9,12,15,18,19,24,28,30,32,39,41,48,49,51,52,53,64,65,69
51849;22:47;8,14,16,20,21,23,25,37,39,45,46,56,58,64,65,66,68,69,72,76
51850;22:52;7,10,14,16,21,22,23,24,30,33,34,37,38,40,41,45,63,65,68,79
51851;22:57;1,4,9,15,17,21,30,31,45,47,52,59,61,64,66,67,68,70,73,74
51852;23:02;11,12,15,19,24,28,37,38,39,41,43,54,58,62,64,68,70,74,75,77
51853;23:07;2,4,10,17,23,25,27,34,35,36,40,42,56,68,69,70,71,73,78,80
51854;23:12;9,18,20,21,25,41,42,46,49,51,52,55,58,70,71,73,74,77,79,80
51855;23:17;1,2,4,8,9,10,12,17,20,21,29,31,34,43,46,54,57,61,62,68
51856;23:22;5,12,14,20,31,33,34,35,43,44,45,48,52,55,67,70,71,75,78,79
51857;23:27;4,10,12,13,19,20,21,22,29,33,34,35,37,38,44,46,60,67,72,80
51858;23:32;3,9,12,19,22,24,25,35,37,41,43,45,49,56,57,60,63,71,78,79
51859;23:37;5,8,9,10,11,16,18,20,24,26,38,39,40,50,55,56,59,61,63,72
51860;23:42;1,3,16,19,20,28,29,32,37,39,50,53,55,57,58,60,61,63,64,79
51861;23:47;6,10,18,23,24,25,36,37,39,40,41,43,45,52,55,58,61,66,67,70
51862;23:52;5,8,10,22,23,27,30,33,35,37,39,42,43,54,56,60,61,63,77,80
51863;23:57;3,9,12,13,18,23,28,29,35,36,37,45,49,51,52,57,63,69,70,72
51864;00:02;7,10,15,18,19,29,31,36,37,40,44,46,59,62,65,68,70,72,75,77
51865;00:07;2,15,16,22,23,26,29,31,48,51,52,53,59,64,68,74,75,76,78,79
51866;00:12;4,5,13,14,15,17,20,23,26,29,35,37,39,62,64,67,69,71,74,79
51867;00:17;3,15,18,20,21,24,27,32,37,41,42,51,54,56,59,60,65,69,70,71
51868;00:22;11,12,14,17,21,24,26,33,35,36,40,41,52,55,56,62,65,71,72,73
51869;00:27;8,9,10,12,21,26,28,30,33,37,43,45,49,50,52,53,65,67,70,71
51870;00:32;1,8,11,14,25,27,30,32,39,47,48,50,51,53,57,59,69,70,78,80
51871;00:37;4,5,6,10,13,23,25,27,28,39,40,48,53,56,59,70,74,75,78,79
51872;00:42;4,12,18,23,27,28,37,40,41,42,43,47,52,61,68,69,70,76,77,78
51873;00:47;1,3,15,19,21,23,26,27,32,33,36,39,48,56,59,60,65,72,76,80
51874;00:52;2,3,5,7,15,16,17,21,24,29,32,35,41,45,48,56,68,71,74,77
51875;00:57;1,2,3,5,6,10,11,24,26,37,40,44,46,63,65,69,71,77,78,79
51876;01:02;7,8,9,17,21,24,28,31,33,36,43,44,46,51,54,56,58,59,60,65
51877;07:02;1,16,19,23,29,30,31,32,39,47,48,49,51,55,59,73,74,77,79,80
51878;07:07;5,7,21,27,29,31,35,40,41,52,54,58,60,65,67,75,76,77,79,80
51879;07:12;5,19,24,25,27,28,32,33,37,48,53,57,61,67,68,71,73,74,77,79
51880;07:17;1,2,9,13,15,24,25,28,31,36,40,43,52,63,65,66,67,71,72,74
51881;07:22;4,10,11,14,26,28,29,33,47,54,55,57,59,60,61,64,70,72,78,80
51882;07:27;3,4,9,12,16,28,31,34,37,38,49,53,63,65,66,68,71,74,76,78
51883;07:32;4,18,22,29,30,42,43,44,46,47,48,51,54,59,61,66,67,69,70,71
51884;07:37;1,7,19,22,23,24,26,27,29,32,34,39,43,57,59,64,68,70,75,79
51885;07:42;7,10,14,17,21,22,25,26,28,29,31,49,54,59,61,67,71,74,76,78
51886;07:47;4,5,10,16,26,27,28,35,36,41,42,51,60,65,66,68,70,75,78,79
51887;07:52;1,3,8,9,18,19,20,30,31,33,36,39,40,41,53,58,59,63,67,70
51888;07:57;5,7,9,16,19,24,27,33,35,39,41,44,49,53,57,61,66,70,73,79
51889;08:02;4,9,15,21,30,33,36,39,40,42,47,48,52,54,57,62,70,74,77,80
51890;08:07;5,9,11,15,16,18,20,22,31,36,43,45,46,48,57,65,69,77,79,80
51891;08:12;11,14,18,25,27,28,29,33,39,45,48,50,51,55,57,60,67,69,76,80
51892;08:17;9,11,12,15,21,22,26,31,39,42,44,45,49,54,55,56,65,66,69,78
51893;08:22;2,7,9,15,19,21,22,25,29,31,39,54,56,57,68,73,74,76,77,78
51894;08:27;7,9,14,24,30,38,43,45,46,47,50,51,54,55,57,61,62,64,69,79
51895;08:32;7,10,12,13,15,16,19,31,47,48,51,53,54,55,56,60,61,72,77,78
51896;08:37;1,4,6,11,13,15,16,29,30,50,51,52,57,62,63,64,70,71,72,76
51897;08:42;1,2,4,8,10,14,20,23,24,35,37,39,47,51,54,61,71,73,74,75
51898;08:47;1,8,9,15,20,30,34,35,36,38,42,46,52,54,55,57,60,62,71,72
51899;08:52;1,4,5,12,16,19,21,24,30,32,42,46,53,54,65,68,71,74,75,78
51900;08:57;3,5,8,9,12,15,17,22,26,38,39,42,51,52,57,61,65,69,71,76
51901;09:02;1,6,7,10,13,15,23,24,29,34,38,39,43,47,49,60,66,74,75,77
51902;09:07;3,11,13,14,15,18,20,23,27,30,32,33,34,42,60,63,64,66,67,79
51903;09:12;6,12,13,16,24,27,29,30,33,39,40,46,51,55,58,59,62,63,70,77
51904;09:17;1,3,7,9,10,15,16,20,24,29,35,40,53,54,56,58,64,66,67,80
51905;09:22;7,10,20,23,24,26,29,35,39,40,42,44,47,50,54,61,67,68,69,72
51906;09:27;6,8,10,11,12,15,17,19,22,32,35,41,42,50,55,56,58,63,64,65
51907;09:32;1,11,21,33,35,36,45,48,49,52,53,58,59,62,64,68,69,72,79,80
51908;09:37;1,7,10,11,12,21,23,29,31,33,41,43,45,47,50,54,58,59,73,78
51909;09:42;2,5,10,13,19,21,23,26,27,29,36,41,43,45,50,57,58,61,66,71
51910;09:47;12,17,19,23,27,28,31,32,41,44,46,53,54,64,68,71,72,74,75,80
51911;09:52;2,3,4,8,12,16,19,20,22,25,37,44,45,51,60,65,68,71,77,79
51912;09:57;4,5,7,8,14,20,22,30,31,45,47,55,57,64,65,69,73,75,78,79
51913;10:02;4,5,8,12,15,19,21,26,30,31,34,45,50,56,62,64,65,66,74,78
51914;10:07;1,5,7,21,25,27,32,33,34,35,36,46,48,49,56,60,63,65,67,75
51915;10:12;1,5,16,17,19,26,34,35,40,46,48,49,54,60,64,67,70,75,78,80
51916;10:17;7,9,13,20,21,29,35,38,44,45,47,48,52,53,56,64,67,72,76,78
51917;10:22;4,7,11,14,19,23,26,28,36,39,41,44,48,50,51,52,54,64,65,74
51918;10:27;3,8,12,14,34,36,38,41,44,47,50,51,60,61,62,65,67,70,71,79
51919;10:32;2,3,4,7,8,17,22,27,29,35,39,47,51,57,62,65,69,74,75,78
51920;10:37;5,7,9,16,17,25,27,28,35,40,46,49,52,56,60,62,64,72,78,79
51921;10:42;1,6,7,12,13,15,19,23,24,36,44,47,52,53,54,71,73,75,76,79
51922;10:47;4,8,15,22,33,38,44,46,54,55,56,57,58,61,65,66,69,70,78,79
51923;10:52;3,5,6,16,18,20,21,22,24,31,32,33,43,51,56,58,66,67,68,78
51924;10:57;2,8,9,10,16,19,20,22,24,26,30,37,42,45,52,56,64,70,73,74
51925;11:02;7,9,11,13,19,20,22,23,24,40,44,49,53,55,62,64,65,66,71,80
51926;11:07;1,2,3,7,15,16,18,19,20,30,34,36,38,40,42,51,53,62,63,79
51927;11:12;3,5,13,14,15,18,22,26,35,42,43,48,51,57,64,65,67,70,72,78
51928;11:17;8,9,10,19,20,22,41,42,47,48,49,54,57,63,64,67,70,73,74,78
51929;11:22;1,4,10,19,20,21,23,24,28,37,40,42,43,44,45,47,49,62,78,80
51930;11:27;1,2,8,10,13,14,19,21,25,29,33,42,44,45,46,60,64,69,73,76
51931;11:32;2,11,17,22,23,25,28,29,30,31,33,37,42,46,48,49,54,59,69,80
51932;11:37;2,3,4,7,13,15,20,22,32,35,37,43,47,49,51,54,58,67,72,73
51933;11:42;2,8,9,13,20,22,30,31,34,46,47,53,58,61,62,63,65,68,73,77
51934;11:47;4,14,15,18,19,26,27,30,35,47,49,50,54,55,60,64,75,77,79,80
51935;11:52;1,3,11,12,13,15,18,27,31,36,42,46,48,58,60,63,68,69,70,80
51936;11:57;3,10,11,16,17,22,24,27,31,33,44,45,48,49,56,59,67,68,75,79
51937;12:02;5,9,13,17,22,26,27,28,44,46,52,53,54,57,61,70,71,75,76,80
51938;12:07;2,8,9,10,18,25,32,33,42,43,63,64,66,67,68,70,71,72,75,76
51939;12:12;1,12,15,16,21,22,26,38,47,48,49,51,53,54,56,72,73,77,78,79
51940;12:17;10,17,18,21,25,27,29,30,33,42,48,50,51,52,57,65,69,72,73,77
51941;12:22;1,2,9,14,17,23,24,30,35,44,48,49,59,60,62,68,71,72,77,80
51942;12:27;2,11,12,18,22,27,30,31,37,38,39,46,47,50,58,59,60,62,73,79
51943;12:32;1,7,9,12,14,15,17,21,25,28,45,46,51,56,57,62,63,67,76,79
51944;12:37;1,5,9,11,25,26,32,36,41,48,49,59,60,62,64,65,68,74,77,78
51945;12:42;2,7,9,16,17,21,24,27,28,33,41,44,49,54,56,57,61,73,76,78
51946;12:47;1,2,7,10,11,13,15,22,24,26,42,43,44,48,52,53,55,57,66,78
51947;12:52;1,3,14,17,19,25,28,39,40,45,48,50,51,55,57,58,65,66,75,77
51948;12:57;7,9,10,11,14,15,18,19,23,24,38,41,49,50,51,58,72,77,79,80
51949;13:02;8,10,11,12,18,21,29,37,40,42,43,47,50,52,58,66,68,70,71,72
51950;13:07;5,13,17,19,20,22,23,32,36,38,39,47,48,53,58,59,63,66,78,79
51951;13:12;3,9,11,17,21,24,28,35,37,39,44,45,60,61,62,64,65,71,72,79
51952;13:17;7,12,18,19,21,24,31,34,37,40,45,50,51,52,56,61,64,71,72,74
51953;13:22;5,6,8,14,17,18,24,26,30,34,48,53,58,60,65,70,72,73,76,80
51954;13:27;7,8,10,13,14,16,19,20,21,26,30,39,46,56,57,58,71,72,74,75
51955;13:32;3,9,12,17,22,23,24,27,29,30,37,51,56,57,61,64,71,72,73,74
51956;13:37;3,9,15,21,22,26,32,33,35,37,38,41,50,53,57,64,67,68,77,79
51957;13:42;11,12,19,20,21,22,25,26,30,33,43,50,54,62,68,69,70,71,74,76
51958;13:47;4,5,7,8,9,12,20,30,32,39,41,45,48,50,54,63,66,68,72,75
51959;13:52;1,5,15,18,19,31,33,36,37,38,40,54,56,60,62,65,74,76,78,79
51960;13:57;2,16,17,23,30,31,35,39,43,49,50,54,58,62,64,66,67,68,69,76
51961;14:02;2,8,26,35,36,37,40,42,46,47,50,54,55,61,65,66,68,74,77,80
51962;14:07;1,10,18,20,22,25,27,34,36,41,44,45,50,53,57,63,65,66,70,77
51963;14:12;2,3,5,8,11,12,14,19,30,31,37,41,43,48,50,55,60,61,64,76
51964;14:17;1,5,8,9,16,17,21,23,25,34,40,44,56,58,59,63,64,69,70,80
51965;14:22;5,7,14,23,26,28,30,35,39,43,45,47,48,55,59,60,64,72,73,76
51966;14:27;6,7,9,13,20,26,30,31,39,43,46,47,48,49,57,68,69,72,76,79
51967;14:32;1,4,5,6,19,20,30,32,33,35,42,45,46,48,50,52,54,58,70,74
51968;14:37;2,4,5,8,10,13,16,18,22,24,25,29,36,40,41,42,46,51,59,65
51969;14:42;5,6,16,20,22,24,26,28,30,31,32,41,45,46,49,57,65,68,71,75
51970;14:47;2,3,4,7,13,22,24,25,30,32,33,40,42,47,51,54,56,57,61,63
51971;14:52;1,9,10,12,13,15,17,22,26,39,45,50,53,54,55,57,72,74,78,80
51972;14:57;1,6,10,16,26,27,30,37,39,43,44,48,50,57,64,65,70,74,75,80
51973;15:02;2,5,7,11,23,30,31,33,35,37,38,50,55,56,57,61,62,63,68,74
51974;15:07;4,6,22,36,40,44,48,49,56,59,60,61,65,68,71,73,75,76,77,78
51975;15:12;1,8,13,14,17,24,25,28,29,30,50,59,61,62,68,69,70,76,77,78
51976;15:17;7,12,16,18,21,22,26,28,33,39,43,48,49,50,51,67,70,74,75,77
51977;15:22;5,12,20,21,29,30,33,40,47,48,54,60,61,62,63,69,71,74,75,79
51978;15:27;2,3,5,13,15,20,21,26,27,28,35,43,49,50,52,54,59,64,72,80
51979;15:32;2,4,14,16,17,20,27,29,34,42,46,48,51,54,56,57,62,68,72,77
51980;15:37;1,6,9,12,15,16,23,24,25,28,32,33,35,43,53,58,64,66,70,74
51981;15:42;1,5,14,15,17,21,28,29,31,37,38,39,43,51,52,56,64,68,77,79
51982;15:47;4,13,15,18,32,41,43,48,50,58,60,61,63,66,67,70,71,73,74,80
51983;15:52;2,5,6,7,11,16,26,30,33,35,38,40,45,46,61,63,66,69,73,77
51984;15:57;2,13,18,39,40,41,45,51,54,63,66,67,68,69,71,73,74,75,78,80
51985;16:02;6,11,15,21,27,29,34,39,42,43,45,53,55,56,58,62,69,74,79,80
51986;16:07;2,5,7,8,9,14,26,29,31,43,44,45,46,48,50,57,69,71,78,79
51987;16:12;4,8,9,10,19,20,23,26,29,32,35,38,39,41,44,51,59,62,64,79
51988;16:17;4,8,11,17,20,26,31,32,37,38,41,42,44,48,49,52,58,63,71,79
51989;16:22;3,5,7,9,10,11,17,20,29,31,33,34,47,57,63,68,69,75,78,80
51990;16:27;7,8,10,13,16,18,19,23,27,28,37,43,52,59,60,61,65,66,71,74
51991;16:32;1,9,12,22,23,26,35,43,46,47,50,52,55,59,66,67,73,77,78,80
51992;16:37;4,5,9,10,13,14,24,26,33,39,43,47,54,57,58,60,64,73,74,80
51993;16:42;4,5,6,8,9,14,26,27,29,30,31,32,37,38,48,63,64,68,70,74
51994;16:47;4,19,21,24,36,39,40,41,43,47,50,51,58,59,62,63,67,72,78,79
51995;16:52;5,6,13,23,24,34,38,43,47,48,49,51,54,55,59,61,62,65,68,76
51996;16:57;8,20,22,23,24,30,34,35,37,38,41,42,48,50,55,59,62,63,73,79
51997;17:02;7,12,13,21,23,28,32,33,36,38,39,43,45,51,53,54,57,62,69,74
51998;17:07;5,12,15,17,18,24,27,30,37,44,50,51,52,54,55,58,59,65,68,79
51999;17:12;1,2,6,9,11,15,16,20,22,26,29,41,46,51,56,59,67,68,70,77
52000;17:17;1,3,8,14,17,26,27,28,29,43,44,45,47,50,52,53,58,63,64,77
52001;17:22;3,5,8,9,10,12,13,15,22,23,25,33,37,44,56,58,59,69,78,80
52002;17:27;1,10,14,18,19,21,25,27,28,31,37,40,42,45,48,52,54,67,75,78
52003;17:32;1,3,16,17,18,21,31,33,41,43,44,51,52,53,54,57,65,70,72,77
52004;17:37;3,8,9,10,17,22,26,27,28,35,41,47,49,55,57,60,64,65,67,70
52005;17:42;3,15,18,24,31,32,33,35,38,39,41,43,48,56,59,61,64,66,69,74
52006;17:47;4,5,8,15,16,18,19,24,27,29,35,36,40,43,45,47,49,57,64,68
52007;17:52;1,11,14,16,23,25,27,31,45,46,49,50,52,53,55,60,63,65,70,73
52008;17:57;2,3,5,7,14,20,24,27,33,35,45,49,56,57,61,65,67,68,72,80
52009;18:02;1,4,8,9,10,19,21,36,39,40,41,45,54,58,62,68,70,72,74,79
52010;18:07;2,7,8,11,13,14,16,20,28,29,30,33,45,46,52,55,60,64,79,80
52011;18:12;5,9,10,15,16,18,19,23,28,29,30,34,43,48,55,56,58,60,62,72
52012;18:17;2,4,7,13,14,18,21,23,26,29,30,40,43,48,53,57,62,67,71,79
52013;18:22;1,7,14,23,29,32,34,42,48,52,53,54,55,56,61,66,71,77,79,80
52014;18:27;9,10,11,20,22,26,27,28,43,45,47,52,54,55,56,58,61,62,64,78
52015;18:32;10,12,13,14,17,20,27,29,33,37,38,39,44,48,51,62,66,70,74,78
52016;18:37;2,5,7,12,13,16,17,30,31,35,45,47,49,53,55,58,65,67,78,79
52017;18:42;2,3,6,8,19,20,23,27,30,34,36,38,55,58,63,64,66,69,72,73
52018;18:47;1,3,6,10,15,22,27,34,39,49,51,53,57,60,66,68,70,71,72,73
52019;18:52;5,11,15,16,19,21,23,25,26,28,29,34,35,37,42,43,45,47,54,67
52020;18:57;2,4,6,9,12,17,23,24,28,29,40,47,48,53,57,61,69,70,75,78
52021;19:02;3,7,12,23,27,30,32,33,40,41,42,45,48,61,62,65,71,74,79,80
52022;19:07;3,4,13,16,20,22,25,28,37,39,40,50,54,56,59,63,66,76,78,80
52023;19:12;9,13,20,21,27,28,32,33,41,44,46,48,57,60,65,66,67,68,69,79
52024;19:17;1,5,7,10,15,16,27,29,31,35,40,42,47,49,51,52,56,60,71,75
52025;19:22;9,10,17,18,19,20,24,27,30,37,42,44,45,46,56,59,61,62,63,64
52026;19:27;1,2,7,12,15,17,18,20,22,32,33,41,44,54,56,62,63,71,72,79
52027;19:32;1,3,7,15,19,22,24,26,48,50,52,54,56,63,65,67,69,76,77,80
52028;19:37;1,10,11,14,20,28,31,38,39,40,41,42,45,46,48,57,61,68,73,75
52029;19:42;5,8,11,15,22,24,28,36,39,42,43,45,49,58,61,66,72,74,78,79
52030;19:47;15,16,19,27,29,37,40,42,43,45,51,52,54,58,64,68,71,72,75,80
52031;19:52;1,6,18,21,22,24,30,32,36,43,45,51,52,58,60,66,69,70,73,74
52032;19:57;12,17,18,21,27,28,30,32,41,42,43,44,55,56,59,64,65,72,73,79
52033;20:02;7,9,10,17,19,20,22,23,26,44,45,51,53,54,56,57,62,76,78,79
52034;20:07;4,8,10,15,18,21,39,45,47,52,55,59,64,68,69,70,71,76,77,78
52035;20:12;6,8,18,21,22,27,36,39,44,46,57,58,59,62,64,68,70,72,74,77
52036;20:17;2,3,8,18,23,25,27,29,32,33,43,44,46,48,49,50,62,63,65,79
52037;20:22;4,5,6,7,17,19,21,24,25,26,30,48,49,52,53,55,59,66,76,78
52038;20:27;8,10,16,22,25,32,33,37,41,43,47,48,51,53,54,58,59,64,72,77
52039;20:32;5,8,14,16,19,20,21,24,26,33,35,37,43,53,57,61,68,70,76,80
52040;20:37;1,7,8,9,10,12,17,19,33,39,43,48,49,53,54,60,62,75,78,79
52041;20:42;4,6,14,15,16,18,27,32,35,37,47,48,54,57,62,65,70,71,78,80
52042;20:47;2,4,5,6,13,15,16,21,23,27,28,30,32,36,43,49,58,59,61,63
52043;20:52;1,5,14,19,26,27,28,39,42,45,46,48,52,53,54,57,62,66,67,75
52044;20:57;1,12,14,24,26,31,32,34,35,37,39,43,49,56,58,63,64,71,75,80
52045;21:02;4,13,14,26,29,31,32,36,37,39,43,44,47,53,54,56,68,76,78,80
52046;21:07;10,12,17,18,19,21,23,26,27,29,32,41,42,46,51,52,62,68,70,73
52047;21:12;8,12,15,16,22,33,36,41,42,48,55,56,57,63,65,67,69,72,77,78
52048;21:17;2,3,4,9,12,14,16,26,31,33,34,35,36,37,42,45,55,65,69,73
52049;21:22;2,8,16,21,24,25,36,38,43,44,54,55,58,59,60,63,67,75,77,80
52050;21:27;1,9,13,14,15,18,20,23,33,38,42,48,52,61,62,66,68,70,72,73
52051;21:32;1,4,12,14,18,24,25,26,30,37,45,53,56,66,71,74,75,77,78,80
52052;21:37;4,6,11,14,16,18,30,32,38,43,44,45,46,47,48,52,55,56,64,75
52053;21:42;6,8,11,13,30,35,39,41,45,47,48,51,53,60,63,65,67,69,74,80
52054;21:47;4,17,19,29,30,32,33,35,37,38,39,42,45,46,47,54,63,65,67,78
52055;21:52;5,9,17,18,19,20,28,37,39,43,45,55,58,60,62,66,71,74,77,80
52056;21:57;4,11,12,19,22,27,32,33,37,38,41,50,51,53,54,57,68,74,77,80
52057;22:02;14,17,21,22,24,30,31,34,36,44,47,48,49,54,56,67,69,71,73,77
52058;22:07;3,10,17,20,23,25,32,35,36,40,42,45,47,49,51,57,59,71,74,77
52059;22:12;1,6,9,17,23,24,30,33,35,38,42,52,53,54,60,63,65,66,70,75
52060;22:17;5,7,10,15,16,24,26,27,35,40,41,43,49,55,61,62,67,68,75,76
52061;22:22;3,6,7,8,9,10,11,12,30,33,34,36,41,43,44,55,56,61,70,80
52062;22:27;6,7,9,20,21,22,23,24,28,29,30,31,41,42,51,54,56,57,74,79
52063;22:32;3,4,5,6,15,21,26,27,35,37,38,39,42,46,56,57,61,64,66,78
52064;22:37;5,8,12,13,15,16,25,40,49,50,58,66,67,69,71,72,73,74,78,79
52065;22:42;8,10,16,20,21,25,26,30,31,32,36,38,41,43,53,56,61,62,64,75
52066;22:47;3,6,8,9,10,13,19,21,25,34,35,38,40,60,65,69,71,75,79,80
52067;22:52;1,5,14,17,21,27,34,35,38,39,42,43,46,47,53,57,59,67,71,76
52068;22:57;2,7,9,11,19,23,27,31,35,37,38,42,44,49,58,59,60,61,65,69
52069;23:02;2,3,7,9,22,25,26,32,39,40,41,43,52,54,58,61,64,67,68,78
52070;23:07;3,4,6,11,16,18,21,24,38,40,41,46,48,49,63,64,65,71,77,79
52071;23:12;1,4,5,6,7,9,11,13,15,25,35,37,38,41,42,46,50,61,78,79
52072;23:17;2,8,10,17,18,22,30,32,45,48,50,51,54,61,63,65,66,70,77,78
52073;23:22;1,3,14,23,29,37,38,39,40,43,44,46,50,65,68,69,72,76,77,79
52074;23:27;2,5,6,8,11,15,16,25,28,30,31,33,35,39,43,46,56,61,72,79
52075;23:32;1,3,4,8,10,16,20,21,28,29,37,42,45,47,48,50,53,60,64,80
52076;23:37;9,13,15,18,19,25,29,33,43,44,45,46,47,53,64,65,66,67,77,79
52077;23:42;1,4,9,18,21,22,23,25,36,40,41,44,47,51,54,59,61,63,76,79
52078;23:47;3,4,5,15,17,21,25,27,32,34,39,42,47,52,55,58,67,70,71,75
52079;23:52;2,6,12,19,23,24,27,33,34,39,43,46,51,57,64,69,71,72,75,77
52080;23:57;4,12,15,16,20,21,24,28,31,34,41,44,54,56,60,62,65,69,71,79
52081;00:02;1,2,12,15,18,24,27,29,30,31,35,41,48,49,54,59,60,61,72,75
52082;00:07;5,9,14,17,21,23,26,29,33,39,50,54,55,56,58,59,65,67,73,75
52083;00:12;4,6,14,15,28,33,34,38,39,40,42,46,47,53,57,63,65,71,74,79
52084;00:17;3,8,10,13,17,20,22,24,38,42,48,54,58,59,61,71,72,75,76,80
52085;00:22;2,6,17,18,24,28,29,30,45,47,50,56,57,60,65,71,75,78,79,80
52086;00:27;2,4,5,8,13,14,20,21,25,26,29,35,37,48,51,58,62,71,74,79
52087;00:32;3,7,10,14,17,22,27,28,37,41,46,48,54,55,57,62,69,75,77,79
52088;00:37;1,4,13,18,20,21,23,24,27,28,30,33,36,38,39,41,47,53,60,67
52089;00:42;1,2,3,8,12,13,14,15,23,26,29,33,42,56,60,67,72,73,75,77
52090;00:47;3,5,7,9,14,20,30,36,37,41,52,59,60,65,66,67,69,71,74,76
52091;00:52;4,5,10,13,20,28,31,36,37,39,45,47,53,55,61,67,69,75,76,77
52092;00:57;7,25,32,36,38,39,40,41,42,45,51,53,54,58,59,69,70,73,77,79
52093;01:02;12,18,23,25,27,29,31,33,36,42,52,57,58,59,62,65,72,76,77,78
52094;07:02;3,4,8,9,14,15,20,22,26,36,39,40,42,43,48,54,65,73,78,79
52095;07:07;2,8,12,23,29,36,37,43,45,47,52,54,58,59,60,64,69,71,74,78
52096;07:12;6,9,12,15,16,22,30,34,38,48,51,55,56,57,59,68,70,74,76,78
52097;07:17;1,3,11,20,26,28,33,37,40,41,53,54,56,58,59,61,62,63,69,71
52098;07:22;6,8,12,14,15,16,19,24,27,32,36,38,43,47,51,57,60,63,65,70
52099;07:27;4,11,12,19,21,23,25,26,28,32,33,41,42,43,45,51,60,61,74,78
52100;07:32;1,2,8,13,16,26,29,40,43,51,57,58,59,61,65,67,68,75,76,78
52101;07:37;2,3,8,12,16,24,27,30,31,34,38,43,46,52,58,69,70,71,74,80
52102;07:42;6,17,31,32,35,36,39,40,42,43,47,48,53,54,56,59,64,68,74,80
52103;07:47;2,10,11,12,18,19,26,35,36,38,47,48,53,59,64,66,71,73,78,80
52104;07:52;1,6,22,25,26,31,32,33,36,38,39,46,51,53,64,67,70,72,77,79
52105;07:57;2,4,7,9,15,16,17,22,23,27,30,33,37,40,48,49,59,61,63,80
52106;08:02;6,7,8,15,21,25,26,33,38,40,50,51,52,53,58,66,69,73,74,77
52107;08:07;2,8,9,20,23,27,30,36,37,39,44,46,54,56,59,60,62,64,71,72
52108;08:12;4,9,14,22,27,29,30,32,36,37,39,40,48,50,55,56,63,68,75,76
52109;08:17;1,2,13,14,15,25,26,27,29,37,38,49,51,52,53,54,71,74,75,76
52110;08:22;2,4,5,8,16,19,31,34,39,40,41,53,62,64,65,66,69,71,75,79
52111;08:27;1,2,8,11,12,13,14,16,18,19,32,33,40,41,49,50,57,59,70,71
52112;08:32;2,5,6,7,12,14,19,20,24,25,31,34,35,45,48,59,60,61,71,78
52113;08:37;3,5,9,12,14,15,17,30,34,37,46,50,57,61,62,64,66,71,72,75
52114;08:42;3,4,5,12,15,16,17,19,20,23,26,32,36,47,68,70,72,77,78,79
52115;08:47;4,11,12,13,15,16,19,35,37,40,44,48,57,58,62,65,68,70,72,76
52116;08:52;2,4,9,12,20,21,23,24,26,39,41,47,52,53,55,59,73,74,77,79
52117;08:57;1,4,8,12,16,17,21,23,32,35,37,42,54,55,62,64,66,67,68,80
52118;09:02;7,8,11,17,18,19,27,38,39,43,45,48,53,54,60,63,64,65,73,79
52119;09:07;3,6,11,18,19,23,29,32,33,48,53,59,60,65,71,73,74,75,79,80
52120;09:12;1,3,4,9,15,16,18,24,28,36,39,45,48,49,50,55,58,60,68,73
52121;09:17;3,17,22,23,27,29,36,37,41,49,51,54,60,61,66,68,70,72,74,77
52122;09:22;1,2,9,16,20,21,24,26,30,35,38,49,50,54,57,59,60,65,78,79
52123;09:27;7,8,11,12,22,24,27,28,38,40,42,46,54,55,58,61,63,69,73,79
52124;09:32;3,14,15,17,22,25,29,30,35,42,43,46,50,60,61,67,70,71,78,80
52125;09:37;4,7,14,15,16,18,20,23,25,53,58,59,60,61,68,70,73,74,77,80
52126;09:42;1,2,3,7,13,16,17,21,23,29,35,37,42,51,59,61,62,65,72,75
52127;09:47;4,5,8,12,19,22,24,26,27,28,37,38,44,45,46,52,53,54,58,61
52128;09:52;6,7,12,13,14,19,23,33,34,36,42,43,44,48,56,62,64,67,70,76
52129;09:57;1,5,8,9,15,16,23,27,30,34,36,41,43,50,51,55,58,59,71,75
52130;10:02;4,7,11,14,19,21,22,30,31,34,40,43,44,50,59,60,63,74,75,76
52131;10:07;2,18,21,31,34,44,45,48,49,50,52,53,57,58,64,66,68,71,73,78
52132;10:12;2,6,7,8,12,16,18,30,40,43,45,48,51,54,56,57,67,69,75,76
52133;10:17;2,4,6,11,12,13,18,21,30,33,38,39,44,45,51,60,64,65,75,79
52134;10:22;8,10,14,17,18,19,22,24,25,28,29,31,37,40,43,46,53,60,61,70
52135;10:27;6,8,10,12,13,19,20,21,27,33,37,45,46,48,54,55,65,69,73,77
52136;10:32;6,17,26,29,31,33,38,40,43,45,46,47,51,54,60,66,72,76,77,80
52137;10:37;5,6,10,15,16,23,27,29,38,39,42,43,48,60,65,68,71,77,78,79
52138;10:42;4,6,7,11,12,21,26,34,38,41,47,49,50,52,72,73,74,76,77,79
52139;10:47;3,10,13,18,29,31,32,38,40,49,52,56,57,58,62,63,67,69,73,80
52140;10:52;7,11,15,20,23,25,27,36,39,40,42,45,55,58,63,64,69,70,75,79
52141;10:57;3,15,17,25,30,36,37,39,48,50,52,53,56,57,59,62,64,66,77,79
52142;11:02;2,3,4,11,13,17,19,23,28,29,31,32,34,40,45,51,53,56,58,70
52143;11:07;2,9,12,15,23,24,31,36,38,45,48,50,52,58,61,64,66,72,74,77
52144;11:12;6,10,11,16,17,30,36,38,39,42,45,48,56,57,59,65,67,73,76,78
52145;11:17;4,5,8,16,17,19,23,28,32,33,35,40,42,44,45,55,57,63,74,75
52146;11:22;3,6,11,13,20,24,27,29,36,38,42,47,48,49,51,58,66,71,75,76
52147;11:27;14,15,20,21,25,30,34,38,43,48,58,60,61,62,63,64,70,72,74,80
52148;11:32;1,2,3,8,11,16,19,20,25,29,32,34,35,37,42,57,60,62,73,76
52149;11:37;3,10,17,21,25,26,29,31,32,37,42,46,51,55,60,65,67,71,75,77
52150;11:42;1,4,9,10,11,12,16,22,24,27,30,43,46,52,56,59,62,64,69,74
52151;11:47;2,6,8,10,12,20,24,34,35,36,43,46,57,60,61,65,67,68,73,75
52152;11:52;12,16,23,27,34,35,42,45,48,53,54,57,64,65,66,71,74,76,78,79
52153;11:57;2,6,7,10,22,23,26,27,32,38,43,46,52,54,59,63,65,69,71,79
52154;12:02;8,15,21,32,33,36,37,38,41,44,50,53,54,55,60,62,63,69,77,80
52155;12:07;1,7,10,13,14,17,19,20,26,27,28,50,52,59,62,67,71,76,79,80
52156;12:12;5,7,9,11,16,18,24,27,29,32,38,39,40,47,50,55,57,59,62,64
52157;12:17;14,17,20,21,22,23,31,32,40,47,52,56,58,59,63,65,67,69,71,80
52158;12:22;4,6,9,10,13,16,17,24,26,27,32,35,39,42,51,52,64,74,75,80
52159;12:27;10,17,37,40,42,45,46,48,50,52,54,57,58,61,62,66,67,69,70,75
52160;12:32;4,19,22,25,26,29,35,36,39,41,47,51,52,53,58,59,71,72,76,77
52161;12:37;1,5,6,7,10,11,20,22,29,34,51,52,63,64,65,73,74,76,79,80
52162;12:42;3,6,7,9,11,15,20,21,29,38,42,45,50,51,64,68,70,75,77,80
52163;12:47;7,8,9,10,18,20,22,29,39,40,43,44,48,54,56,62,71,77,78,80
52164;12:52;4,8,20,30,32,40,42,43,44,51,57,62,64,68,69,70,72,75,79,80
52165;12:57;3,6,7,18,26,35,37,38,41,45,48,50,55,56,57,69,71,76,77,78
52166;13:02;5,6,13,19,25,29,30,38,45,46,50,55,58,62,63,66,72,75,76,78
52167;13:07;3,7,10,14,21,23,26,36,37,45,46,50,51,56,60,61,62,70,72,74
52168;13:12;3,5,8,11,14,18,24,30,31,33,34,36,43,48,51,57,59,61,75,77
52169;13:17;4,5,8,15,16,26,29,36,39,47,54,56,57,65,68,69,77,78,79,80
52170;13:22;3,7,9,15,16,20,22,26,27,30,38,46,49,54,57,63,65,66,74,77
52171;13:27;8,9,19,22,26,32,41,42,44,47,51,53,57,61,64,65,67,70,73,75
52172;13:32;5,6,7,16,20,22,31,37,41,42,45,49,59,60,61,62,69,70,74,79
52173;13:37;2,3,4,8,20,21,25,34,37,40,50,54,57,68,69,71,74,76,77,80
52174;13:42;1,2,5,12,25,27,32,35,37,46,49,50,55,58,60,62,66,74,77,79
52175;13:47;1,2,3,4,8,30,31,33,36,38,44,48,51,53,64,65,67,77,79,80
52176;13:52;2,4,5,6,7,10,15,24,29,35,36,40,43,55,56,58,60,75,76,77
52177;13:57;3,10,15,19,28,29,30,32,37,44,45,47,59,60,61,67,72,74,78,79
52178;14:02;6,15,16,17,22,25,27,28,34,38,40,42,51,52,56,62,68,71,76,80
52179;14:07;2,8,12,23,24,26,27,42,50,51,52,54,57,60,63,67,72,74,75,79
52180;14:12;1,2,3,7,12,13,14,18,24,30,32,35,36,37,40,44,48,60,75,79
52181;14:17;6,14,19,25,29,31,32,38,48,50,55,56,57,58,61,62,64,69,72,77
52182;14:22;8,13,22,34,35,37,42,44,45,46,47,55,56,59,66,71,72,76,79,80
52183;14:27;1,2,3,8,15,26,36,41,48,51,52,56,62,65,66,68,70,72,75,77
52184;14:32;3,7,8,11,16,17,24,25,29,33,34,36,41,45,46,50,62,70,76,80
52185;14:37;1,2,8,13,19,26,29,32,35,43,47,49,51,52,59,61,67,75,76,79
52186;14:42;1,2,5,6,10,17,22,30,31,34,37,38,44,53,54,63,65,70,78,80
52187;14:47;1,2,4,10,22,27,31,35,47,50,53,57,59,62,67,68,74,75,76,79
52188;14:52;8,15,23,30,31,32,35,36,37,39,40,41,43,44,47,60,61,63,67,76
52189;14:57;6,12,13,17,22,24,30,36,42,45,49,53,59,62,64,66,74,77,79,80
52190;15:02;3,8,9,13,23,30,33,36,41,42,43,50,51,55,67,68,70,72,77,79
52191;15:07;7,8,19,20,27,34,41,50,52,53,55,56,60,62,68,70,71,75,79,80
52192;15:12;5,7,8,13,18,21,29,30,33,39,47,50,53,55,56,62,63,71,72,76
52193;15:17;1,4,8,15,17,20,21,24,28,30,31,32,37,39,47,60,69,71,77,79
52194;15:22;1,4,15,17,19,23,27,29,32,35,36,42,54,57,61,67,70,72,77,79
52195;15:27;2,12,15,17,23,27,28,33,34,35,36,38,40,51,52,53,55,56,61,62
52196;15:32;1,6,7,8,17,23,24,25,26,31,33,35,40,47,54,55,58,59,73,75
52197;15:37;8,10,16,17,30,32,36,37,39,40,42,43,49,50,51,59,60,61,72,77
52198;15:42;4,13,15,33,34,39,44,48,53,57,59,62,67,69,73,74,76,77,78,79
52199;15:47;5,9,10,11,20,35,42,45,53,55,56,57,58,61,68,70,72,74,79,80
52200;15:52;4,7,9,21,22,23,26,27,29,37,41,42,43,49,50,55,69,73,78,79
52201;15:57;9,10,11,16,18,20,21,24,29,35,36,37,40,55,56,58,61,68,69,79
52202;16:02;4,5,12,16,21,26,27,28,33,35,41,48,51,55,61,63,64,73,76,80
52203;16:07;6,7,8,9,14,21,26,27,29,42,44,46,48,60,61,62,65,67,70,71
52204;16:12;16,20,21,25,26,30,32,35,36,40,43,44,47,48,52,54,57,62,69,80
52205;16:17;3,4,8,24,25,26,33,40,41,42,43,44,62,64,65,67,69,71,74,75
52206;16:22;14,16,20,23,25,27,31,33,35,37,43,48,53,54,55,56,58,61,72,78
52207;16:27;10,19,21,24,29,30,32,36,40,43,45,51,54,58,61,72,74,76,79,80
52208;16:32;4,13,17,23,28,38,39,44,46,49,54,58,64,65,66,68,69,73,75,80
52209;16:37;2,6,7,13,15,16,24,29,32,34,49,53,54,63,64,68,72,74,75,77
52210;16:42;2,7,12,14,19,20,25,29,37,39,40,48,49,50,59,70,71,74,78,80
52211;16:47;4,16,22,27,28,32,33,34,39,43,46,47,52,54,55,59,64,65,69,74
52212;16:52;3,8,12,13,19,27,31,35,37,43,45,48,50,52,54,55,65,66,68,69
52213;16:57;2,5,11,12,18,19,28,32,36,37,38,42,49,51,52,64,71,72,75,80
52214;17:02;3,6,8,12,15,21,22,27,28,34,35,39,43,46,51,60,64,71,74,75
52215;17:07;2,4,5,7,18,22,24,26,34,38,41,50,53,55,58,59,60,73,77,80
52216;17:12;1,6,14,16,18,22,35,43,44,47,50,52,53,57,58,63,64,75,76,79
52217;17:17;12,16,18,23,24,29,31,32,37,41,42,45,47,50,58,66,68,71,79,80
52218;17:22;1,4,13,16,17,26,29,30,36,40,43,44,62,65,66,72,75,76,77,79
52219;17:27;5,6,10,14,28,31,38,40,45,49,51,55,56,67,68,69,72,73,74,78
52220;17:32;5,10,11,16,20,21,22,23,24,31,33,36,40,45,47,50,51,57,58,59
52221;17:37;6,9,11,14,15,19,20,27,32,37,38,42,44,46,48,50,73,76,78,79
52222;17:42;12,19,28,35,36,37,40,47,48,50,53,56,57,58,60,71,72,74,77,78
52223;17:47;1,12,24,26,28,29,30,33,38,44,50,52,54,57,58,66,71,74,77,80
52224;17:52;3,4,10,11,23,28,38,43,44,45,47,51,54,56,59,64,67,74,75,77
52225;17:57;5,9,16,17,21,29,30,32,35,39,40,41,45,46,47,54,62,63,69,71
52226;18:02;5,10,13,15,24,34,37,38,42,45,46,48,54,57,58,59,61,68,74,78
52227;18:07;2,3,5,9,10,15,16,17,19,22,23,25,28,30,32,44,48,51,63,77
52228;18:12;2,3,6,12,13,16,21,23,28,43,53,54,57,58,60,62,66,68,75,76
52229;18:17;2,4,7,8,12,13,15,18,29,30,32,34,47,49,50,51,53,63,72,77
52230;18:22;4,6,13,14,25,27,28,30,35,37,44,46,47,57,61,67,68,73,77,80
52231;18:27;3,4,12,18,22,33,36,38,39,42,45,50,54,57,63,67,70,73,75,76
52232;18:32;1,3,12,19,26,31,33,38,40,43,46,52,57,59,62,66,67,71,72,75
52233;18:37;2,9,10,12,14,15,21,24,36,41,42,48,51,53,56,59,62,64,68,77
52234;18:42;7,9,11,20,21,22,25,31,36,37,52,55,56,60,63,67,70,72,77,78
52235;18:47;4,5,10,14,21,22,31,39,40,48,55,59,60,62,64,70,72,75,77,78
52236;18:52;1,8,14,16,18,19,24,32,35,37,40,44,45,47,51,54,60,65,70,71
52237;18:57;3,4,11,12,13,19,21,23,25,27,28,33,47,48,50,63,71,72,73,80
52238;19:02;1,2,5,7,9,10,11,17,18,25,28,39,41,42,44,57,58,67,68,77
52239;19:07;14,15,20,22,24,28,29,42,43,45,46,50,55,57,59,63,65,70,75,77
52240;19:12;5,6,7,8,9,10,20,22,26,31,32,43,45,47,53,59,65,71,73,75
52241;19:17;3,5,6,14,16,19,21,32,42,43,48,56,57,63,64,66,71,76,77,78
52242;19:22;3,7,8,12,15,16,19,20,25,27,28,32,33,37,42,45,50,60,61,73
52243;19:27;10,17,18,23,25,26,28,36,37,41,45,46,50,55,58,61,62,66,70,76
52244;19:32;7,10,14,17,19,23,25,26,27,28,37,42,44,55,57,58,60,67,74,75
52245;19:37;4,6,14,15,18,20,22,24,27,36,40,44,50,51,55,58,61,62,64,74
52246;19:42;2,6,7,16,24,25,27,28,30,32,43,44,46,54,57,62,65,68,72,75
52247;19:47;11,15,16,18,27,30,31,33,37,41,47,54,55,56,59,61,65,69,71,72
52248;19:52;4,11,18,19,20,24,29,32,33,36,37,38,47,49,52,62,69,75,77,78
52249;19:57;1,3,6,7,8,10,12,15,17,19,22,25,26,31,39,47,54,63,78,80
52250;20:02;3,7,11,20,43,45,48,50,51,53,55,58,60,66,68,69,70,72,73,75
52251;20:07;1,2,7,12,15,16,41,42,46,47,50,51,56,57,58,63,66,69,75,79
52252;20:12;4,7,10,12,18,19,34,37,39,40,41,43,46,50,64,69,72,74,77,80
52253;20:17;1,4,18,19,20,22,24,26,29,32,34,36,40,44,50,52,55,56,66,80
52254;20:22;14,19,20,23,27,31,35,41,42,45,47,51,52,55,61,62,67,72,79,80
52255;20:27;1,2,5,6,18,20,21,25,33,35,42,46,52,61,64,72,75,76,78,79
52256;20:32;1,11,17,19,24,25,29,31,33,34,39,43,55,56,57,61,67,69,73,74
52257;20:37;2,7,10,16,17,25,29,34,47,50,54,58,60,65,66,67,68,70,75,79
52258;20:42;8,11,17,18,19,20,36,43,45,53,54,57,59,64,65,68,70,73,74,80
52259;20:47;1,15,17,18,24,31,33,39,43,47,52,54,56,60,65,66,72,75,78,79
52260;20:52;4,5,11,12,20,21,31,37,38,44,46,50,52,54,55,62,71,77,78,79
52261;20:57;2,5,8,10,14,15,18,23,25,33,35,36,43,47,52,53,62,63,68,70
52262;21:02;2,3,6,8,9,10,12,13,15,17,33,35,37,41,49,50,69,74,77,80
52263;21:07;1,3,4,7,8,10,19,20,22,28,49,57,59,62,67,70,71,74,76,80
52264;21:12;1,4,8,9,15,22,24,25,28,32,33,34,44,45,49,52,55,60,66,78
52265;21:17;4,5,7,12,18,19,23,24,27,31,33,39,46,55,56,58,64,66,69,79
52266;21:22;5,6,10,15,20,22,25,26,31,38,46,48,52,53,56,57,59,76,78,80
52267;21:27;1,4,10,12,15,20,22,31,33,37,42,46,47,51,52,57,62,65,67,75
52268;21:32;2,5,7,9,10,13,14,22,28,31,36,39,41,42,52,53,55,67,71,72
52269;21:37;3,7,16,18,26,31,33,43,48,57,58,62,63,64,66,67,68,70,75,77
52270;21:42;7,19,22,23,25,26,27,30,42,45,48,53,56,60,63,64,67,68,72,79
52271;21:47;2,7,18,20,21,23,28,30,32,34,40,51,59,61,62,63,66,68,78,79
52272;21:52;2,5,6,8,9,14,24,26,34,36,38,42,46,47,52,53,55,57,70,79
52273;21:57;1,2,7,14,18,19,22,23,24,34,38,43,49,50,58,60,68,69,74,79
52274;22:02;3,4,5,6,14,19,20,22,25,28,34,35,38,46,50,58,68,71,74,78
52275;22:07;2,5,7,9,11,12,13,15,17,18,19,21,29,44,50,59,61,66,71,80
52276;22:12;3,5,8,14,16,18,26,36,39,46,49,50,52,53,57,61,62,73,75,78
52277;22:17;1,3,7,8,23,27,33,35,46,55,56,59,62,65,66,67,72,74,76,77
52278;22:22;1,3,6,9,15,16,18,19,25,26,29,41,49,51,53,56,57,62,64,80
52279;22:27;16,17,20,22,23,24,25,26,27,31,43,47,54,55,57,63,64,68,72,75
52280;22:32;1,2,5,11,12,15,20,22,23,34,40,45,52,57,60,63,68,73,78,79
52281;22:37;2,9,12,19,26,28,35,41,48,51,55,57,59,64,66,67,69,71,73,76
52282;22:42;5,6,18,20,22,25,27,31,33,34,36,49,50,51,57,59,61,63,66,67
52283;22:47;6,10,11,23,24,26,29,32,34,41,56,57,60,61,64,69,70,72,74,75
52284;22:52;2,13,17,18,19,21,24,30,35,36,42,44,50,59,60,66,70,71,72,76
52285;22:57;8,13,20,21,23,24,26,30,35,41,45,46,48,60,62,64,65,67,68,78
52286;23:02;5,10,11,17,21,23,27,29,35,36,41,44,48,55,59,62,66,70,77,79
52287;23:07;6,14,15,16,18,21,25,26,41,43,49,52,55,61,63,67,68,73,79,80
52288;23:12;3,12,17,24,26,32,35,36,38,40,45,46,48,57,58,60,61,70,74,77
52289;23:17;2,8,10,13,21,27,28,32,35,38,41,47,49,50,52,61,67,69,73,79
52290;23:22;1,4,7,8,13,14,17,18,22,26,38,40,46,47,48,50,52,69,73,80
52291;23:27;11,12,13,38,40,41,43,45,51,54,59,65,66,68,70,71,72,73,74,80
52292;23:32;1,3,6,7,18,21,26,32,42,44,47,48,50,51,52,56,59,64,72,79
52293;23:37;1,7,18,21,24,28,29,31,35,40,41,49,54,56,57,63,64,70,78,80
52294;23:42;1,3,8,11,16,18,30,33,39,52,53,54,56,57,60,62,68,69,79,80
52295;23:47;2,5,7,17,19,24,26,31,32,35,38,46,48,49,54,55,63,69,72,77
52296;23:52;7,14,16,22,27,29,30,35,37,42,45,47,50,51,54,55,68,75,77,79
52297;23:57;1,2,6,7,10,12,19,25,29,30,32,33,42,44,47,55,60,63,72,76
